popSize: 50  nGens: 50  pm: 0.01  pc: 0.05
initial population, fitnesses: (up to 1st 100 chromosomes)
  [0 1 1 1 1 1 0 0 1 0 1 0 1 0 0 1 0 0 1 0 1 1 1 1 0 1 1 0 1 0 1 0 0 1 0 0 0
 0 1 0 1 0 0 0 1 0 0 0 0 0 1 0 1 0 0 0 1 0 1 1 1 1 1 1 0 0 1 0 0 1 1 1 1 1
 1 1 0 0 1 1 0 0 0 0 1 0 0 1 1 1 0 0 1 1 1 0 0 1 0 0 1 1 1 1 0 0 0 1 0 0 1
 0 0 0 0 1 0 1 0 0 1 1 0 0 0 1 0 1 0 1 1 1 1 1 1 0 1 1 1 0 1 0 1 0 0 1 0 0
 1 1 0 0 1 0 0 0 0 1 0 0 1 1 0 1 1 0 0 1 0 0 0 1 0 1 1 0 1 1 0 0 1 0 1 0 1
 0 1 0 0 0 1 1 0 0 1 0 0 0 1 1 1 1 0 0 0 1 0 1 1 1 1 0 1 1 1 1 0 0 0 1 0 0
 1 0 0 1 0 1 1 0 1 0 0 0 0 1 1 1 0 1 0 0 1 1 0 0 0 0 1 0 0 1 1 0 0 0 0 1 0
 1 1 1 1 1 1 0 1 1 1 0 1 1 1 1 1 1 1 0 0 1 0 0 0 0 1 1 0 1 1 1 0 0 1 0 0 0
 1 1 1 0 1 1 0 0 0 0 1 0 1 1 1 1 0 0 1 0 0 1 0 1]  1
  [0 1 0 0 0 0 0 0 1 0 1 0 0 1 1 0 1 0 0 1 1 0 1 0 1 1 0 0 1 0 1 1 1 0 0 0 1
 1 0 0 1 1 0 1 0 0 1 0 1 1 1 0 1 1 1 0 0 1 1 1 1 0 1 1 1 1 1 1 0 1 1 0 1 0
 0 1 1 1 0 1 0 0 1 0 0 1 0 1 0 1 1 0 1 1 0 0 0 0 1 0 1 1 0 1 0 1 1 0 0 1 0
 1 0 1 0 0 1 0 0 0 1 0 0 1 1 0 1 1 0 1 1 0 0 0 1 1 0 1 0 1 0 1 0 1 1 0 1 1
 1 1 0 1 0 1 0 0 1 0 1 0 1 0 1 0 0 1 0 1 0 1 1 0 1 0 0 1 1 1 0 0 0 0 1 1 0
 1 0 0 1 0 0 1 1 0 0 0 1 1 1 1 0 1 1 1 0 0 0 0 1 0 0 1 0 1 0 0 0 0 1 0 0 1
 0 1 0 0 0 1 1 0 1 0 1 0 1 0 0 1 1 0 0 0 1 1 1 0 1 1 0 1 1 1 0 1 1 0 1 0 1
 1 0 1 1 1 1 1 1 0 0 0 0 0 0 0 0 0 1 1 1 1 1 1 1 0 0 0 1 0 1 1 1 1 1 1 1 0
 1 1 1 0 1 1 0 1 1 0 1 1 0 1 0 0 1 1 1 1 0 0 0 0]  1
  [1 1 0 1 0 0 1 0 1 0 0 1 1 1 0 1 1 0 0 1 1 1 0 0 0 1 1 0 1 0 0 1 1 0 1 1 1
 1 1 0 0 1 0 0 1 0 1 1 0 0 0 1 0 0 0 0 1 0 1 1 1 0 0 0 0 1 1 1 1 0 1 1 1 1
 0 1 1 1 0 0 0 1 0 1 1 1 1 0 1 0 0 1 1 0 0 1 1 1 1 0 0 1 0 1 0 1 0 0 1 0 1
 1 0 1 1 0 0 0 0 1 1 0 0 0 0 0 0 0 0 0 0 1 1 0 0 1 1 0 1 0 1 1 0 0 0 0 1 1
 1 1 0 1 0 1 1 1 1 1 0 1 0 1 1 0 1 1 0 0 0 1 1 1 1 1 0 0 0 0 0 1 1 1 0 1 0
 0 1 1 1 1 1 0 1 1 1 0 1 1 1 1 1 1 0 1 1 1 0 1 1 1 1 0 0 1 1 0 0 0 1 0 0 0
 1 0 0 0 0 1 0 0 1 0 1 1 1 0 1 0 0 1 0 1 0 1 0 0 1 1 1 1 1 1 0 0 1 1 0 0 1
 1 0 1 0 0 1 1 0 1 0 0 1 0 0 0 0 0 1 1 1 0 1 0 0 0 1 1 0 1 1 0 1 0 1 0 1 0
 1 1 0 1 1 0 1 1 0 0 0 0 0 0 1 1 0 1 1 1 0 0 1 0]  1
  [1 1 1 1 0 1 0 1 1 0 0 1 1 1 1 0 1 0 1 0 1 1 0 0 0 1 0 0 1 0 0 0 0 0 0 1 1
 1 0 0 0 0 0 0 1 1 1 0 0 1 0 1 1 1 1 1 0 1 1 0 0 0 1 0 1 1 1 0 1 1 0 1 1 0
 1 0 1 0 0 0 0 1 0 0 1 1 1 1 0 0 0 1 0 0 0 0 0 0 1 0 1 1 1 1 0 1 1 0 1 1 1
 0 1 0 0 0 1 1 0 1 1 1 1 0 1 1 1 0 0 1 1 0 0 0 0 1 1 1 1 1 0 1 0 0 1 0 0 0
 1 1 1 1 1 0 1 1 0 1 1 0 1 1 0 1 0 0 0 0 0 1 1 1 0 0 1 0 0 1 1 0 1 1 0 1 0
 1 0 1 1 1 1 0 0 1 0 0 0 0 1 1 1 0 1 1 0 1 1 0 1 1 0 1 0 1 0 0 0 0 0 0 0 1
 1 1 0 1 1 1 0 1 0 1 0 0 0 0 1 0 1 0 1 0 0 1 1 0 1 1 0 0 1 1 0 1 1 1 1 1 1
 0 0 1 0 0 1 0 1 0 1 1 1 0 0 0 1 0 1 1 1 1 1 1 1 0 0 0 1 0 0 1 0 0 1 0 1 0
 1 0 1 0 0 0 1 0 0 1 1 1 1 0 1 0 1 0 0 1 1 0 1 1]  1
  [1 0 0 1 1 0 0 0 0 0 0 0 1 0 0 1 1 0 1 0 1 1 0 1 0 1 0 1 0 0 0 1 0 0 0 1 1
 1 0 1 0 0 0 1 0 1 0 0 1 1 0 0 0 1 0 1 1 1 1 0 1 1 1 0 0 0 0 1 1 0 0 0 1 0
 0 1 1 1 1 1 1 0 0 0 1 1 1 1 1 1 0 0 1 0 0 1 1 1 0 1 1 0 1 1 1 0 1 0 1 0 0
 1 1 0 1 1 1 0 0 1 1 1 1 0 0 1 1 1 0 1 0 0 1 1 1 0 1 0 1 0 1 0 0 1 0 1 0 0
 0 0 0 0 1 1 0 1 0 1 0 1 0 1 1 1 1 0 0 0 0 1 0 0 1 1 1 1 0 1 0 1 1 1 0 0 1
 1 1 1 0 0 1 0 1 0 1 1 1 1 0 0 1 1 1 0 1 1 1 0 0 0 0 1 1 1 1 1 0 0 1 0 1 1
 0 0 0 0 0 0 1 0 0 1 1 1 0 0 0 0 0 0 1 1 0 0 1 1 0 0 0 0 0 0 1 1 1 1 1 0 0
 1 1 1 1 1 0 1 0 1 0 0 0 0 1 1 1 1 1 0 0 0 0 1 0 0 0 0 0 1 0 0 1 1 0 1 1 1
 0 1 1 0 0 1 0 0 1 0 0 1 0 1 0 1 0 0 0 1 1 0 1 1]  1
  [0 1 0 1 0 0 1 1 1 1 1 0 1 1 1 1 0 0 1 0 1 1 1 0 1 0 1 0 0 1 1 1 1 1 0 1 0
 1 0 1 0 0 0 1 0 0 1 0 1 0 0 1 1 1 0 0 1 0 0 0 0 0 1 0 0 0 0 1 1 0 1 1 0 1
 0 0 1 1 1 1 1 0 1 1 0 1 0 1 0 0 0 0 0 1 1 0 0 0 1 0 1 0 1 0 1 1 1 0 1 0 0
 1 1 1 1 0 1 0 0 0 1 0 0 0 1 1 1 1 0 1 0 0 1 1 0 1 1 0 1 0 1 1 0 1 0 0 0 0
 0 0 1 1 1 0 1 1 1 1 0 1 0 1 0 1 1 0 0 1 0 1 1 1 0 1 1 1 0 1 0 0 1 1 0 0 0
 1 1 0 0 1 1 0 0 1 1 1 1 1 1 0 0 0 0 1 0 0 1 1 0 0 0 0 1 1 1 0 1 1 1 1 0 0
 0 0 1 0 1 0 1 1 0 1 0 1 0 0 1 1 1 1 0 0 1 1 1 1 0 0 0 1 0 0 1 1 1 1 1 1 1
 1 0 1 1 0 0 1 0 1 1 0 1 1 1 0 1 0 1 0 1 0 0 1 0 1 0 0 1 0 1 0 0 0 0 1 1 0
 1 1 1 1 0 0 1 1 0 1 0 1 0 1 0 0 1 1 0 1 1 0 0 1]  1
  [0 1 0 0 1 1 1 0 1 1 0 0 0 1 0 0 0 0 0 0 1 1 0 1 0 0 1 0 1 1 0 1 1 1 1 0 0
 0 1 1 0 1 0 0 0 0 1 0 0 1 1 0 1 0 0 1 1 1 1 1 0 0 1 1 1 1 1 0 1 1 0 1 1 1
 0 0 0 1 1 1 0 1 0 0 0 0 1 0 1 1 0 1 1 1 0 0 0 0 0 0 1 1 0 0 0 0 1 1 1 0 0
 0 0 1 0 1 1 0 1 0 0 0 1 1 0 0 0 1 1 1 1 0 0 0 0 0 1 1 1 1 1 0 0 0 1 1 0 1
 0 0 0 0 0 1 0 1 0 1 1 0 1 0 0 1 0 1 0 1 1 0 1 0 0 0 0 1 1 1 0 0 1 0 0 0 1
 0 0 1 0 1 0 0 1 0 0 1 1 1 1 0 0 1 0 1 1 0 1 1 0 0 0 0 1 1 1 0 1 0 1 0 0 0
 1 1 0 0 0 1 0 1 0 1 1 1 0 0 0 0 0 1 1 1 1 1 1 1 0 1 0 0 1 0 1 0 1 0 1 1 0
 0 1 1 1 0 0 1 0 0 0 1 1 1 1 1 0 1 1 1 0 0 1 0 0 1 0 1 1 0 1 1 1 1 1 1 1 0
 0 1 0 1 1 1 0 0 1 0 0 1 0 0 0 1 1 1 0 0 0 0 0 0]  1
  [1 0 1 0 0 1 0 0 0 1 0 0 0 1 0 1 1 0 0 1 0 0 1 1 0 1 1 1 1 1 0 1 0 0 0 1 0
 0 0 0 1 1 0 0 0 1 1 1 0 0 1 1 0 1 0 1 0 0 0 0 1 1 0 0 0 0 1 0 1 0 0 1 1 1
 1 0 0 1 0 0 1 0 0 1 0 0 1 1 1 1 1 1 0 1 1 1 0 1 1 1 1 1 0 1 1 1 0 1 1 0 1
 0 1 0 1 0 1 1 0 0 1 0 1 0 1 0 1 0 0 1 1 0 1 1 1 1 0 1 1 0 0 1 0 0 0 1 0 1
 1 1 0 1 1 1 0 0 1 1 1 0 0 1 0 0 1 0 1 0 0 0 0 1 1 0 1 1 1 0 1 1 1 1 0 0 1
 0 0 1 0 0 0 0 0 0 0 0 1 0 0 1 1 0 1 0 1 1 1 0 1 0 0 1 1 1 0 1 0 0 1 0 0 1
 0 0 0 1 0 1 0 1 0 1 1 0 0 0 0 0 0 1 1 1 0 1 1 1 1 0 1 1 0 0 1 1 0 1 1 0 1
 1 1 1 1 0 1 0 0 0 0 1 0 1 1 1 1 0 1 1 0 0 1 0 1 0 0 1 0 1 0 1 0 1 0 0 0 1
 0 1 1 1 1 0 0 0 1 1 0 0 1 1 1 1 1 0 1 1 0 0 0 1]  1
  [0 0 0 0 1 0 0 0 0 1 0 0 1 0 1 0 0 1 0 0 0 0 1 0 1 1 1 1 0 0 0 1 1 0 0 0 0
 1 1 1 1 0 1 1 1 1 1 0 0 1 1 0 1 0 0 1 0 0 0 0 0 1 0 1 0 1 0 1 0 0 0 0 1 1
 1 1 0 0 0 0 0 1 1 1 0 1 1 0 0 0 1 0 0 0 1 0 0 0 1 1 1 1 1 0 0 1 1 0 0 1 0
 1 1 0 0 0 0 1 1 1 1 0 1 1 0 1 0 0 1 0 0 0 0 0 0 1 1 1 1 1 1 1 1 0 0 0 1 0
 1 0 1 1 1 1 1 0 0 0 0 0 1 1 1 0 1 0 1 1 1 1 0 1 0 1 1 1 1 1 1 0 1 0 0 1 0
 1 0 1 1 1 1 1 1 0 1 1 0 1 1 0 1 1 1 1 1 0 1 0 0 0 0 1 0 0 0 0 1 1 0 1 1 1
 1 1 0 0 1 1 0 0 0 1 1 0 1 0 0 0 0 0 0 0 0 1 1 1 0 1 1 0 0 1 1 1 0 1 0 0 0
 1 1 0 1 1 1 1 0 0 0 1 0 1 0 1 0 1 0 1 0 1 0 1 1 1 0 0 1 1 0 1 1 0 0 1 1 1
 0 0 1 1 1 0 0 1 0 1 1 1 1 1 1 0 1 1 1 1 1 0 0 0]  1
  [1 0 0 1 1 1 1 0 0 0 1 0 0 1 1 0 0 0 1 1 1 0 0 1 1 0 1 1 1 0 1 1 1 1 0 0 1
 0 0 0 1 1 1 1 1 1 1 0 1 0 0 0 0 0 0 0 0 1 1 0 0 1 1 1 0 1 1 0 1 1 0 1 0 1
 1 1 0 1 1 0 0 1 1 0 1 1 1 1 0 0 1 0 1 1 0 0 0 0 1 0 1 0 0 0 1 0 1 1 0 1 0
 1 1 1 1 0 0 0 0 0 1 0 1 1 0 1 1 1 0 0 0 0 1 1 0 0 0 1 0 1 1 0 0 0 0 0 0 1
 0 1 1 0 0 1 1 1 0 1 1 1 1 0 1 0 1 1 1 0 1 1 1 0 1 1 0 0 0 1 0 1 1 1 1 0 0
 0 0 1 0 0 0 0 0 1 0 1 1 1 0 0 1 0 0 1 0 0 1 1 1 0 0 1 1 0 1 0 0 0 1 1 0 0
 1 1 0 1 1 0 1 0 1 1 0 1 1 1 0 0 1 0 0 0 1 1 0 1 1 1 1 0 1 0 1 0 0 1 1 1 1
 1 1 0 1 1 0 0 0 0 1 1 1 0 1 0 1 0 1 1 1 0 1 1 0 1 0 1 0 1 0 1 0 1 1 1 1 0
 1 1 1 0 0 0 0 1 0 0 1 0 1 1 1 1 0 1 0 0 1 1 1 0]  1
  [1 0 1 1 0 1 0 1 1 1 1 1 0 0 1 1 0 1 0 1 1 1 0 0 1 0 0 1 0 1 1 0 1 0 0 1 0
 1 0 0 0 0 1 1 0 1 0 1 1 1 1 0 1 1 0 1 0 1 0 0 0 0 1 0 1 0 1 1 0 1 1 1 0 0
 1 1 1 0 1 0 0 0 1 1 0 0 0 0 1 1 1 1 0 0 1 1 0 0 0 1 0 1 1 1 0 0 0 0 1 1 1
 0 0 1 1 1 1 0 0 1 0 0 1 0 1 0 1 1 1 0 0 1 1 1 1 1 0 0 1 1 1 1 0 0 0 0 0 0
 1 1 0 0 1 0 1 0 1 0 0 1 1 1 0 0 0 1 1 1 1 0 1 0 0 1 1 1 1 1 0 0 1 0 1 1 0
 1 1 0 0 1 1 1 0 1 0 1 1 1 1 1 1 0 1 1 0 0 0 1 1 1 0 1 1 0 1 1 1 1 0 1 0 1
 1 1 0 1 1 1 0 0 0 0 1 0 1 0 1 1 1 1 1 0 1 0 0 0 0 1 0 0 0 0 1 0 1 0 1 1 0
 0 0 1 1 1 0 1 1 1 1 1 1 1 1 1 1 0 1 0 1 1 0 0 0 1 0 1 0 1 0 0 0 0 0 1 0 1
 1 0 0 0 0 0 0 1 0 0 1 0 0 1 0 0 1 1 1 0 0 1 0 0]  1
  [1 1 0 0 1 0 0 1 0 0 1 0 0 1 1 1 1 0 0 1 1 1 0 0 1 0 0 1 1 1 1 1 0 0 1 1 0
 1 1 0 0 0 0 0 1 1 1 1 1 1 0 1 0 0 0 1 0 1 0 1 1 1 1 1 0 1 0 0 1 0 1 1 0 1
 0 0 0 1 1 0 1 0 0 1 0 0 0 1 0 1 0 1 1 1 1 1 0 0 0 0 1 0 1 0 1 0 1 0 1 0 1
 0 0 1 1 1 0 1 0 0 1 0 0 1 0 0 1 1 0 1 0 0 0 0 0 0 1 0 1 1 0 0 1 1 1 1 0 1
 0 0 1 1 1 1 1 0 1 0 0 1 0 0 0 0 0 0 1 0 1 1 1 0 1 1 0 1 1 1 1 0 1 1 1 1 0
 1 0 0 1 1 1 0 1 1 1 1 0 0 0 0 1 1 1 1 0 1 1 0 1 1 0 0 0 1 1 1 1 0 0 0 1 0
 1 0 0 1 1 0 1 1 1 1 0 1 1 0 0 1 0 0 0 0 1 0 1 0 1 0 1 1 1 1 0 0 0 0 1 0 1
 0 0 0 1 1 0 1 1 1 0 1 0 0 1 1 1 1 1 1 1 1 0 0 0 1 1 0 1 0 1 1 0 1 1 0 0 0
 0 1 0 1 1 0 1 0 1 1 1 1 1 1 1 0 1 0 0 1 0 0 1 0]  1
  [0 0 0 0 0 0 0 0 0 1 0 1 1 0 0 1 1 1 0 0 0 1 0 0 1 1 0 1 0 1 1 0 1 1 0 0 0
 0 0 1 0 0 0 1 1 1 1 0 1 1 1 1 0 0 0 1 0 1 0 1 1 0 1 1 0 0 1 1 1 0 0 0 0 1
 1 1 1 1 0 1 0 1 0 1 0 0 0 1 0 0 1 0 1 1 1 0 0 0 0 1 1 1 1 1 0 1 0 0 0 0 1
 1 1 1 0 1 1 1 0 0 1 0 0 0 0 0 1 1 1 1 1 0 0 0 1 1 0 0 0 1 0 0 0 1 0 0 0 0
 1 1 1 0 1 0 1 0 1 0 0 0 0 0 1 1 0 0 1 0 1 1 0 0 1 1 0 1 0 1 1 1 0 0 0 0 0
 0 1 0 1 1 1 0 1 1 1 0 1 0 1 1 1 1 1 0 1 1 0 1 0 0 1 1 0 0 0 0 0 0 0 1 1 0
 1 0 0 0 1 1 0 0 1 1 1 0 1 1 1 0 1 0 1 1 1 0 1 1 0 0 1 0 1 1 0 1 0 0 1 1 0
 1 1 0 1 1 0 0 1 1 0 1 1 1 0 1 1 0 0 0 0 1 1 0 1 1 1 0 0 0 1 0 1 1 0 1 0 1
 0 0 0 1 0 0 0 1 1 0 0 1 0 1 1 0 0 0 0 0 0 0 0 1]  1
  [1 0 1 1 1 1 1 1 1 1 1 0 1 0 1 0 1 1 1 1 0 0 1 0 1 1 0 1 0 0 0 0 1 1 1 1 0
 1 0 1 1 1 0 1 1 1 1 1 0 1 1 0 1 1 0 0 1 1 0 1 0 0 0 1 0 0 1 1 1 0 0 1 1 0
 0 0 1 0 1 0 1 0 1 0 0 1 1 0 1 0 1 1 1 0 1 1 1 0 0 1 0 1 1 1 1 0 1 1 1 0 0
 1 1 1 1 1 1 0 0 1 1 0 0 1 0 1 0 0 1 0 0 1 0 0 1 1 1 1 0 0 0 1 1 1 0 1 1 0
 1 1 1 1 1 1 1 0 0 0 0 1 1 0 1 1 1 1 0 0 0 0 0 1 1 1 0 1 0 0 1 1 1 0 0 1 0
 1 1 1 0 0 0 0 0 1 1 0 1 1 0 1 0 0 0 1 1 0 1 1 0 1 1 0 1 0 0 0 1 0 1 1 0 0
 1 0 0 1 0 1 1 1 0 1 0 1 0 1 0 1 0 0 0 1 0 1 0 0 1 0 1 1 0 0 0 1 0 1 1 1 1
 0 0 1 0 1 1 1 1 0 0 1 1 1 0 0 0 0 0 1 1 0 1 1 0 1 1 0 0 0 0 1 1 1 1 0 0 1
 1 0 0 1 1 1 0 1 1 1 0 0 1 1 1 1 0 0 1 1 1 0 1 0]  1
  [0 1 1 1 0 0 1 1 1 1 0 0 0 0 1 1 1 0 0 1 1 0 1 0 1 0 1 1 0 1 0 1 0 0 1 1 1
 0 0 1 1 0 0 1 1 1 0 0 1 0 0 0 0 1 1 1 0 1 1 0 1 1 1 1 1 0 0 0 0 0 0 0 1 1
 0 1 1 0 1 1 0 0 1 0 1 0 0 1 1 1 0 1 1 0 0 0 1 0 0 0 1 0 1 1 1 1 0 0 0 1 0
 0 1 1 0 0 0 1 1 1 1 0 1 0 0 1 0 0 0 0 1 1 0 0 0 0 0 0 0 1 0 1 0 1 0 1 0 1
 1 0 0 1 1 0 0 1 0 0 0 1 1 1 1 0 1 1 0 1 1 1 1 1 1 0 0 1 1 1 0 0 0 0 1 0 1
 0 1 1 1 1 0 1 1 1 1 0 1 1 0 0 1 0 0 0 0 1 1 0 0 0 1 1 0 0 0 0 0 0 0 1 0 0
 1 0 1 1 0 0 0 0 0 1 1 0 1 0 0 1 0 0 0 1 0 0 1 0 0 0 0 0 1 1 1 0 1 0 1 1 0
 0 0 1 1 0 0 1 1 0 1 1 0 1 1 0 1 1 0 0 0 0 1 0 0 1 0 0 0 0 0 0 1 0 1 0 0 0
 1 1 0 0 0 1 0 0 0 1 0 1 0 0 1 0 1 0 1 0 1 0 1 1]  1
  [1 0 0 1 0 1 1 1 0 1 0 1 0 1 1 1 1 1 1 1 1 1 0 1 1 1 0 1 1 1 1 0 1 0 0 1 0
 0 1 1 0 1 1 1 1 1 0 1 0 0 0 1 1 0 1 1 1 1 1 0 0 0 0 1 1 1 0 0 1 1 0 1 0 0
 0 1 1 0 1 0 1 1 1 0 1 1 1 1 1 1 1 0 1 0 0 1 1 1 1 1 0 1 0 0 1 0 0 1 1 1 0
 1 0 0 0 0 1 0 0 0 0 1 0 0 1 0 1 1 0 0 0 0 0 0 0 1 1 0 0 0 1 1 0 1 0 1 1 0
 0 0 0 1 1 0 1 0 1 1 0 0 1 1 1 1 1 0 0 1 1 0 0 1 1 0 0 0 0 0 0 0 1 0 1 0 0
 1 1 1 1 1 0 0 1 0 0 0 0 0 0 1 1 0 0 0 1 0 1 1 0 1 1 1 0 1 0 1 1 0 0 1 1 1
 1 0 1 0 1 1 0 0 0 1 1 0 0 1 0 1 1 0 1 0 0 1 0 0 0 1 0 1 0 1 0 1 0 1 1 0 0
 1 0 0 0 0 0 1 0 1 0 0 1 0 1 1 0 0 1 0 0 1 0 1 0 0 0 0 0 1 0 0 1 1 1 0 0 1
 0 1 1 0 0 1 0 1 0 1 0 1 0 1 1 1 0 1 1 1 1 0 0 0]  1
  [1 1 0 1 0 0 1 1 1 0 0 0 0 1 0 0 0 0 1 0 0 1 0 0 1 0 0 1 0 0 0 0 1 0 0 0 0
 1 1 0 0 1 0 1 1 0 1 0 0 1 1 0 0 0 1 0 1 1 0 0 1 1 1 1 1 0 0 1 1 1 1 0 1 1
 0 1 1 0 1 0 1 1 1 1 0 1 0 0 0 0 0 0 1 0 0 1 1 1 1 1 0 0 1 0 0 1 1 0 0 1 0
 0 0 0 0 0 1 0 0 0 1 0 1 0 1 1 1 0 1 0 1 0 1 1 0 1 1 0 0 0 1 0 0 1 1 0 0 1
 1 1 0 0 1 0 0 1 1 1 1 0 1 1 0 1 0 1 0 1 0 0 1 0 1 1 0 1 1 0 1 1 1 1 0 1 0
 0 1 1 0 1 0 0 0 0 1 0 1 0 1 0 1 1 1 0 0 0 0 1 1 0 0 1 1 1 0 1 1 0 0 0 0 0
 0 1 0 1 1 1 0 1 1 1 1 0 1 0 0 0 0 0 0 0 1 1 1 1 1 1 1 1 1 0 1 0 0 1 1 1 0
 0 0 0 1 0 1 1 0 1 1 0 1 1 0 1 0 0 1 0 1 0 0 1 1 1 0 1 1 1 1 0 0 0 1 0 0 0
 0 0 1 1 0 1 0 0 1 0 0 0 1 1 0 1 0 0 0 1 0 0 0 0]  1
  [1 0 1 0 0 1 0 0 0 1 0 1 1 0 0 0 1 1 1 1 1 0 0 1 1 0 1 0 1 1 0 0 0 0 0 0 1
 0 1 1 1 1 1 0 0 0 1 1 0 1 0 1 0 1 1 1 1 0 0 1 1 1 0 0 1 1 0 1 1 0 0 0 1 1
 0 0 1 1 1 0 0 1 1 1 1 0 0 0 0 1 1 1 1 1 1 1 0 1 0 0 1 1 1 0 0 0 1 1 1 1 1
 0 0 1 1 0 0 1 0 1 1 0 0 1 0 0 1 1 1 1 0 1 1 1 0 0 1 0 1 0 0 0 0 1 1 1 1 0
 1 0 1 1 0 0 0 1 0 1 1 1 0 1 1 0 1 1 1 0 1 1 1 0 1 1 1 1 1 0 1 1 0 1 0 0 0
 0 0 1 0 1 0 0 0 0 1 1 0 0 1 1 0 0 0 1 1 0 1 0 0 1 0 0 1 0 0 0 0 0 0 1 0 0
 0 0 0 0 1 0 1 0 0 0 1 1 0 1 0 1 1 0 1 1 0 0 1 1 0 1 0 1 1 0 1 1 1 1 0 1 1
 1 1 0 0 0 1 0 1 1 0 1 0 0 0 0 1 0 0 0 1 1 0 1 0 1 1 0 1 0 1 0 0 1 0 0 1 0
 0 0 0 0 0 1 0 1 1 0 1 0 0 0 1 0 0 0 1 1 1 0 0 1]  1
  [0 1 1 1 0 0 0 0 0 1 1 0 0 0 1 1 0 1 0 0 1 0 0 1 1 1 0 1 0 1 1 1 0 0 1 0 1
 0 0 0 0 0 1 0 0 0 1 0 1 1 1 0 1 0 1 1 0 1 1 0 0 1 0 0 1 1 1 0 0 1 0 1 0 0
 1 0 1 0 0 0 1 1 1 0 0 1 1 0 0 0 0 1 0 0 1 0 1 0 1 1 0 1 1 1 0 1 1 1 0 0 0
 1 1 0 0 1 0 1 1 0 1 1 1 1 0 1 1 0 0 0 1 0 0 0 0 0 0 1 1 0 0 1 0 1 1 0 1 0
 1 1 0 0 0 1 1 1 0 0 0 1 0 0 1 1 1 1 0 0 0 0 1 0 0 0 1 1 1 0 0 1 0 1 0 1 0
 0 1 0 0 0 1 0 1 1 0 0 1 0 0 0 1 0 0 0 1 1 1 1 1 0 0 1 0 1 0 0 1 1 1 1 1 1
 0 1 0 0 0 0 1 1 1 1 0 1 0 1 1 1 1 1 0 0 0 1 0 1 0 1 1 1 0 0 1 0 1 1 0 0 0
 0 0 1 0 1 1 0 1 1 0 1 1 1 1 1 1 1 0 1 0 0 0 1 1 0 0 0 1 0 0 1 0 0 0 0 0 0
 0 0 0 0 0 0 0 1 1 1 1 0 1 1 0 1 0 0 1 1 0 1 1 0]  1
  [0 0 0 1 1 1 1 0 1 0 0 1 0 1 0 0 0 1 0 0 1 0 0 0 0 0 0 0 0 1 0 0 0 1 0 1 1
 1 1 0 0 0 0 0 0 1 0 1 0 0 0 1 1 1 1 1 1 1 1 1 1 0 0 1 0 1 1 1 1 0 1 1 1 0
 1 0 1 0 0 1 1 0 1 0 1 0 0 1 0 1 0 0 0 1 0 1 0 1 0 1 0 0 0 0 0 1 0 0 0 1 0
 0 1 1 0 1 0 1 1 0 1 0 1 1 0 1 0 1 0 0 0 0 0 1 0 0 0 0 1 1 1 0 0 0 0 0 0 1
 0 0 0 0 1 0 0 1 0 0 0 0 0 0 1 1 1 1 0 0 1 0 0 0 1 0 1 1 0 1 1 1 1 1 0 1 1
 1 0 1 0 0 1 0 1 1 1 1 1 1 0 0 0 0 0 0 1 1 0 1 0 1 1 1 0 1 1 1 0 0 1 1 1 0
 0 0 0 1 0 1 1 1 1 1 0 0 1 0 0 0 0 0 1 0 1 0 0 0 0 1 0 0 0 0 0 0 0 1 1 1 0
 0 1 0 0 0 1 1 1 0 0 0 0 1 1 0 1 1 0 0 0 1 0 1 0 1 1 0 1 1 0 0 1 0 1 0 0 0
 1 1 1 0 1 0 0 0 0 1 1 0 0 1 0 0 0 0 0 0 0 1 1 1]  1
  [1 1 0 1 0 1 0 1 0 0 0 1 0 0 1 1 1 1 0 1 1 1 1 1 1 1 1 0 0 0 0 0 1 0 1 1 1
 0 0 1 0 1 0 0 1 1 1 1 1 0 0 0 0 0 0 0 1 0 1 0 0 0 1 1 0 0 1 1 1 0 0 1 0 1
 0 1 1 0 0 1 0 1 1 0 0 0 1 1 1 0 0 1 1 0 1 1 1 1 1 1 1 1 0 1 1 0 0 1 0 1 1
 0 1 0 1 0 1 0 1 0 0 1 1 1 1 0 0 0 0 0 1 0 1 1 1 0 0 0 0 0 0 1 1 0 0 1 0 1
 1 0 0 0 0 1 1 1 0 1 0 0 1 0 0 0 0 1 1 1 1 1 1 1 1 1 1 1 1 0 1 1 0 0 1 0 1
 1 0 1 0 1 1 1 1 1 1 1 0 0 0 1 0 0 1 1 1 1 0 1 0 1 0 0 0 1 1 0 1 1 0 0 0 1
 1 1 1 1 0 1 0 0 0 1 0 1 0 0 0 1 1 1 0 0 0 0 1 1 1 1 1 1 1 1 0 0 1 0 1 1 0
 0 1 1 1 0 1 1 0 0 0 1 0 1 1 1 1 0 0 1 1 1 0 1 1 1 1 1 1 0 1 1 0 0 1 1 0 0
 1 1 0 0 0 0 0 0 1 0 0 1 0 1 1 1 1 1 1 0 0 0 0 1]  1
  [1 0 1 1 0 0 0 1 1 1 1 1 1 1 1 1 0 1 1 1 0 1 1 1 1 0 0 1 1 1 1 0 0 1 0 0 0
 0 1 1 0 0 1 0 1 0 1 0 0 0 1 0 0 0 1 0 0 0 0 0 1 1 0 0 1 1 1 0 1 0 1 0 0 1
 1 1 0 0 1 0 1 0 1 0 1 1 0 1 1 1 1 1 1 0 0 1 0 0 0 1 0 0 0 1 0 0 0 1 0 0 0
 1 1 1 0 0 0 0 0 0 0 1 0 1 0 1 0 1 1 1 0 0 1 1 1 0 0 1 1 1 0 0 0 1 0 1 0 1
 1 0 0 1 0 0 1 1 1 0 0 0 0 0 0 0 0 0 0 1 1 1 0 0 1 1 0 0 1 1 0 1 1 0 0 1 0
 0 1 0 1 0 0 0 1 0 1 0 0 0 1 1 1 1 0 1 1 1 1 1 0 1 0 1 0 0 1 0 1 0 0 1 0 1
 0 1 1 0 1 1 0 0 0 1 0 1 1 1 1 1 0 0 1 0 1 0 1 0 1 1 0 1 0 1 0 1 0 0 1 0 0
 0 1 1 1 0 1 1 1 0 1 0 0 1 1 1 0 1 0 1 1 1 0 0 0 0 0 0 0 0 0 0 0 1 1 1 1 1
 1 0 0 0 0 1 1 1 0 1 0 1 1 0 1 0 1 0 1 1 1 1 0 1]  1
  [0 0 1 1 1 0 1 0 1 0 1 1 0 1 1 1 0 1 1 1 0 0 1 1 0 1 0 1 0 0 1 0 0 1 0 0 0
 0 1 0 1 1 1 0 1 0 0 0 1 1 1 0 1 1 0 0 1 1 1 0 1 0 0 0 0 0 0 1 0 0 1 1 1 0
 1 0 0 0 1 0 1 0 1 0 1 1 0 1 0 1 0 1 0 0 1 0 1 1 1 1 1 1 1 1 0 0 1 0 1 1 1
 0 1 0 0 1 0 0 0 0 1 0 0 1 0 0 1 1 1 0 1 0 0 1 1 1 1 1 0 0 0 0 1 1 0 1 1 0
 0 0 0 0 0 0 0 1 1 0 1 0 1 1 1 0 0 1 0 1 1 0 0 1 0 1 0 0 1 0 0 1 1 1 1 1 1
 0 1 1 1 1 1 0 0 1 0 1 0 0 1 0 0 0 0 0 0 0 1 0 1 0 0 0 0 0 1 1 0 1 0 0 0 0
 0 1 0 1 0 1 0 0 1 0 0 1 1 1 1 1 0 0 0 0 1 0 0 0 1 1 1 1 1 1 0 0 0 1 1 1 1
 0 0 0 0 0 0 1 0 0 0 1 1 0 0 0 1 1 0 0 1 1 0 0 0 1 0 0 0 0 0 1 0 1 0 1 0 1
 1 0 1 1 1 0 0 0 0 0 1 0 0 0 1 0 0 1 1 0 0 1 1 0]  1
  [0 1 1 1 0 0 1 0 0 1 1 1 0 1 0 1 1 1 1 0 0 1 0 1 0 1 0 0 0 0 1 1 1 1 1 0 0
 0 1 0 0 0 0 1 1 0 1 0 1 0 0 1 0 0 1 1 0 1 0 0 0 1 1 0 0 1 1 0 0 0 1 1 1 1
 0 0 1 1 0 1 1 1 1 0 1 1 1 0 0 0 1 0 1 0 0 0 0 0 1 0 1 0 0 0 0 0 0 0 1 0 0
 0 0 0 0 0 0 0 1 0 1 0 1 0 1 0 0 0 1 1 1 0 1 1 1 1 0 0 0 0 1 0 1 1 0 1 1 0
 1 0 0 0 0 0 1 1 0 0 0 0 1 1 0 1 1 1 0 1 1 1 1 0 0 0 0 0 1 0 0 1 1 1 1 0 0
 0 1 1 0 0 0 1 0 1 1 0 1 0 0 0 0 0 0 0 1 1 0 1 1 1 0 1 0 0 1 0 1 1 1 1 1 1
 0 1 1 0 1 0 0 0 1 1 1 0 1 0 0 1 1 1 1 1 0 1 1 0 0 0 0 0 0 0 1 0 1 1 1 1 1
 0 1 1 1 1 1 1 0 0 0 0 1 1 1 1 0 1 0 0 0 1 0 0 0 1 1 1 0 0 1 1 0 0 1 0 0 0
 1 1 1 1 0 1 0 0 1 0 0 0 0 1 0 1 1 0 1 0 1 0 0 0]  1
  [1 0 0 0 0 0 1 0 1 0 0 0 0 1 0 1 1 1 1 1 1 1 0 1 1 0 1 1 1 1 1 0 1 1 1 0 1
 1 0 0 1 1 1 1 1 0 0 1 1 0 0 1 0 1 1 0 1 1 0 1 0 0 1 1 1 0 0 1 1 0 0 1 1 0
 1 0 0 0 0 0 1 0 0 1 0 0 0 0 1 1 1 1 1 1 0 1 1 1 1 0 1 1 1 0 1 1 1 0 1 0 0
 1 1 1 0 0 1 1 1 0 1 1 0 0 1 0 0 0 0 0 0 1 1 1 1 1 1 1 0 0 1 0 0 0 1 1 1 0
 0 1 1 1 0 1 1 0 0 0 1 0 0 1 1 0 0 0 1 0 1 0 0 1 1 0 1 1 1 1 1 1 1 0 1 0 0
 0 1 1 1 0 0 0 0 1 1 1 0 0 1 0 0 1 1 1 0 1 1 1 0 1 1 1 0 1 1 0 0 0 0 0 1 0
 1 1 1 0 0 1 1 1 0 0 0 1 0 1 0 1 1 1 0 1 0 0 0 1 0 0 0 1 0 1 0 1 0 1 1 1 0
 0 1 1 1 1 1 1 1 1 0 0 0 0 1 1 0 1 1 0 0 0 0 0 1 0 0 0 1 1 0 1 0 0 1 0 1 0
 0 1 0 1 0 0 0 0 1 0 0 1 0 0 0 0 1 0 0 0 1 0 1 0]  1
  [1 1 0 0 0 0 0 1 0 0 0 1 0 1 1 0 1 1 1 0 1 1 0 1 1 1 0 0 0 0 0 1 0 1 0 1 1
 1 1 0 1 0 1 0 0 0 1 1 1 0 0 1 0 0 0 0 0 0 1 1 1 0 1 0 1 1 1 0 0 1 0 0 1 1
 0 1 1 0 0 1 1 1 0 0 0 0 0 1 0 0 0 1 0 1 0 0 1 0 1 1 1 1 1 1 0 0 1 0 1 0 0
 0 0 1 1 0 0 1 1 1 0 0 1 1 1 0 1 1 0 1 1 1 0 1 1 1 1 0 1 1 0 1 1 1 0 1 0 1
 0 0 1 0 0 0 1 0 0 0 1 1 0 1 0 1 1 1 0 1 0 0 1 0 0 1 0 0 1 1 1 0 0 1 0 0 1
 0 1 0 0 1 0 0 0 1 1 1 0 0 0 1 1 1 0 0 1 0 0 0 0 1 0 0 0 0 1 1 0 1 1 1 1 0
 1 1 0 1 0 0 1 1 0 1 1 0 1 1 0 0 1 0 1 0 0 1 1 0 0 1 0 0 0 1 0 0 1 0 1 0 1
 1 0 1 0 0 0 1 1 0 1 0 1 1 0 0 1 0 0 0 1 1 1 0 1 0 1 0 1 1 0 0 1 0 0 0 0 0
 1 1 1 1 1 0 1 1 1 0 1 0 0 0 1 0 0 1 1 0 1 0 0 0]  1
  [1 1 0 0 0 1 1 0 0 1 0 1 1 0 1 0 1 0 0 1 0 1 1 1 0 0 1 0 0 0 1 0 0 0 1 0 0
 0 1 0 0 1 1 1 1 1 0 0 1 0 1 0 1 0 1 1 0 0 1 1 0 0 0 0 0 1 1 0 1 0 1 1 0 1
 1 0 0 1 0 0 1 1 1 0 0 1 1 0 0 0 0 0 1 1 0 1 1 0 0 0 0 0 0 1 0 1 1 1 0 1 1
 1 0 1 0 1 0 1 0 0 0 1 1 0 1 1 0 0 1 0 0 1 0 0 0 1 0 0 0 1 1 1 1 1 1 0 1 0
 1 1 1 1 1 1 1 1 0 1 0 1 0 0 1 1 1 1 1 0 0 0 0 0 0 1 0 1 1 1 0 1 1 1 0 0 1
 0 1 0 1 0 0 0 0 0 0 1 0 0 1 0 0 1 1 1 0 0 0 0 0 0 0 1 0 1 1 0 0 0 0 0 0 0
 1 1 0 0 0 1 0 0 0 0 1 0 0 1 1 0 1 0 0 0 0 1 0 0 0 1 1 0 0 1 0 0 1 1 1 0 0
 0 1 1 1 1 0 0 1 0 0 0 0 0 1 1 0 0 0 1 0 0 1 0 1 1 1 0 1 0 1 1 1 0 1 0 0 1
 0 1 0 0 1 0 0 0 0 1 0 1 0 0 1 1 0 1 0 0 1 0 0 0]  1
  [0 1 1 1 0 1 0 0 1 1 0 0 0 0 1 0 1 1 1 0 1 1 0 1 1 0 1 0 0 0 0 1 1 0 1 0 1
 1 0 0 0 0 0 0 1 1 0 0 1 0 0 0 0 0 1 1 0 0 1 1 1 1 1 1 0 1 0 1 0 1 1 0 0 0
 1 0 0 0 0 1 0 1 0 0 1 1 0 0 0 0 1 1 1 1 0 0 1 0 0 0 0 1 0 1 0 1 1 0 0 0 1
 1 1 0 1 0 1 0 1 0 1 1 0 0 0 1 1 1 1 1 1 1 0 1 1 1 0 1 0 1 1 0 0 1 1 0 0 0
 1 0 0 1 1 0 0 0 0 0 0 1 0 1 1 1 0 0 0 1 0 0 0 0 0 0 1 1 1 0 1 0 0 1 1 1 1
 0 0 0 1 1 1 1 0 1 1 0 1 0 0 1 1 1 1 1 1 0 0 1 0 0 1 0 0 1 0 1 0 1 1 0 0 0
 0 1 0 0 1 0 1 0 1 0 0 1 1 0 0 0 1 0 0 0 1 1 0 0 1 0 1 1 1 0 0 1 1 1 0 1 1
 1 1 1 1 0 1 0 1 0 0 0 0 0 1 1 0 0 0 0 0 0 0 0 1 0 1 0 0 1 1 1 1 1 0 0 0 1
 0 1 0 1 0 0 1 0 0 1 1 1 0 0 0 0 1 1 1 0 0 1 1 0]  1
  [1 0 1 1 0 1 1 0 1 0 1 1 1 0 0 0 1 1 1 1 0 0 1 1 1 1 1 1 1 1 0 0 0 0 0 0 1
 0 0 0 1 0 0 0 0 1 0 0 0 1 1 1 0 0 1 0 0 1 0 0 0 1 1 1 1 0 0 1 1 0 1 1 1 0
 0 1 1 1 0 0 1 1 1 0 1 1 1 1 0 0 1 0 1 0 0 1 1 1 0 0 1 0 1 1 0 0 0 0 1 0 1
 0 1 1 0 1 1 1 0 1 1 1 0 0 1 1 0 0 0 1 0 1 0 0 1 1 1 0 0 0 0 1 0 1 1 0 1 1
 0 1 0 1 0 1 1 1 1 0 0 1 1 0 1 1 0 0 0 0 1 0 0 0 1 1 0 0 0 1 0 0 1 0 0 1 1
 0 1 1 0 1 0 0 0 0 1 0 0 1 0 0 1 0 0 0 1 1 0 1 0 1 0 1 0 0 0 0 1 0 1 1 0 0
 0 0 0 0 0 1 0 1 0 0 0 0 0 1 1 0 1 1 1 0 1 0 1 0 1 0 0 0 0 1 1 1 0 1 1 1 0
 1 1 1 0 1 1 1 0 0 0 1 0 0 1 1 0 0 0 1 0 0 1 0 1 1 1 0 0 0 0 0 1 1 0 0 1 1
 1 0 0 0 0 1 0 0 1 0 0 1 1 0 0 0 1 0 0 1 1 1 1 0]  1
  [1 0 1 1 1 1 1 0 1 0 1 1 0 0 1 1 1 0 0 1 0 0 1 1 1 0 1 0 1 1 1 0 1 1 0 0 0
 1 1 1 1 0 1 1 0 1 0 0 0 1 1 0 1 0 1 0 1 0 0 0 1 0 1 1 1 1 1 1 0 1 0 1 1 0
 0 0 0 1 0 1 0 0 1 1 1 1 1 0 0 1 1 1 1 1 0 0 0 0 0 1 1 0 1 0 0 0 1 0 0 0 1
 0 0 1 1 0 0 0 1 0 0 1 0 0 1 0 1 0 1 0 1 1 1 1 0 0 1 1 0 0 0 1 1 0 0 1 0 1
 1 0 1 0 1 1 0 1 1 0 0 0 0 1 1 1 1 1 1 0 1 0 1 1 1 0 1 0 0 1 0 0 1 0 0 0 1
 0 0 0 1 0 0 0 0 0 1 1 1 0 1 0 1 0 1 0 1 0 1 0 0 1 1 0 1 0 1 1 0 1 1 1 0 0
 0 1 0 1 1 0 0 0 0 1 0 1 0 0 0 0 1 0 1 0 1 1 0 0 0 0 1 0 0 1 1 0 1 0 0 0 0
 1 1 1 0 1 1 0 0 0 0 0 0 1 1 1 0 0 0 0 1 0 0 0 0 0 1 1 1 1 1 1 0 1 1 1 1 0
 1 0 1 0 0 0 1 0 1 1 1 0 1 0 1 0 1 0 1 1 0 1 0 0]  1
  [1 1 1 0 0 0 0 1 1 1 0 1 1 1 1 1 0 0 0 1 0 0 1 0 1 0 1 0 1 1 1 0 1 1 1 0 0
 0 1 0 0 0 0 0 0 1 0 1 0 1 1 1 1 0 0 1 0 0 1 0 0 0 0 1 0 1 0 1 1 0 1 0 0 1
 1 1 1 0 1 1 0 1 0 0 0 0 0 0 1 0 1 1 0 1 1 1 0 1 1 0 0 0 1 1 0 1 0 1 0 1 0
 1 1 0 0 0 1 1 1 0 1 0 0 1 1 0 1 1 1 1 1 0 0 1 0 1 1 1 1 1 0 0 1 1 0 0 0 0
 0 0 0 0 1 0 1 0 0 1 1 1 0 1 0 0 1 0 0 0 0 1 1 0 1 0 0 1 0 1 0 0 0 1 0 0 0
 1 1 1 1 1 0 1 1 1 0 1 0 0 1 0 0 1 1 0 1 0 1 0 0 0 0 1 1 0 1 1 1 1 1 1 1 1
 0 1 1 0 1 1 0 1 1 1 1 0 1 0 0 1 1 1 1 0 0 0 0 0 0 1 1 0 1 0 0 0 0 0 0 1 1
 1 0 1 1 0 1 1 0 0 0 0 0 1 0 1 1 1 1 0 0 1 1 1 0 0 0 0 0 1 1 0 1 1 1 0 0 0
 1 1 0 0 0 1 1 1 1 1 1 1 1 0 0 1 1 1 1 0 0 1 1 0]  1
  [0 1 1 1 0 1 1 1 0 1 1 0 1 0 1 1 0 1 1 0 0 0 1 1 1 0 1 0 1 1 1 1 0 1 0 1 1
 1 1 0 1 1 1 1 0 0 0 0 1 1 0 1 1 0 0 1 0 1 0 1 1 0 0 0 0 0 0 0 1 0 1 0 1 1
 0 1 0 1 0 0 1 1 1 1 1 0 1 1 0 0 0 0 1 0 1 1 1 1 1 0 0 0 1 0 1 0 1 0 1 0 1
 0 0 1 0 1 0 0 0 1 1 0 1 0 0 0 1 0 0 1 0 0 1 1 1 1 0 1 0 1 0 0 0 1 0 1 1 1
 1 0 0 0 0 0 0 0 0 1 1 0 1 1 0 0 1 1 1 1 1 0 0 1 1 1 1 1 0 1 0 0 1 1 1 0 1
 0 0 1 0 1 1 1 1 0 1 1 1 1 1 1 0 0 0 0 0 1 0 0 0 1 1 0 0 0 1 1 1 0 0 0 1 0
 0 0 1 1 1 1 0 0 1 0 0 1 0 0 1 1 1 1 1 1 1 0 0 1 1 1 0 0 0 1 0 1 0 0 0 0 1
 0 0 0 1 0 1 1 0 1 1 0 1 1 0 0 1 0 1 1 0 0 0 0 0 0 0 0 1 1 0 1 0 0 0 0 0 0
 0 0 1 0 1 1 0 0 1 1 1 0 1 0 0 1 1 0 0 1 0 1 0 1]  1
  [1 1 1 1 1 1 0 0 0 1 0 1 0 0 1 1 1 0 1 0 1 1 1 1 1 1 1 1 1 0 1 1 0 1 1 1 0
 1 0 1 0 0 1 0 0 0 1 0 0 1 0 0 0 1 0 1 0 0 1 0 0 0 0 1 0 1 1 0 1 0 0 1 0 0
 1 1 1 1 0 0 0 1 0 1 1 1 0 0 1 1 1 1 1 0 1 1 1 0 0 1 0 1 0 1 1 0 0 1 0 1 1
 0 0 0 1 0 1 1 0 0 1 0 1 0 0 0 1 0 0 0 1 0 0 1 0 0 1 0 1 1 0 1 1 1 0 0 0 0
 0 0 0 1 1 1 1 0 0 1 1 1 0 0 0 1 0 0 1 0 1 0 1 1 0 1 1 0 1 0 0 0 1 0 0 0 0
 0 0 0 0 1 1 1 1 0 1 1 1 0 0 1 0 1 1 0 0 1 0 0 0 0 0 0 0 0 1 1 0 1 0 1 1 0
 0 1 1 1 1 0 1 0 1 1 0 1 1 0 1 0 1 0 1 1 0 1 0 0 0 0 1 0 0 1 1 1 1 1 1 1 1
 0 0 1 0 0 0 1 0 1 1 1 0 1 0 0 1 0 1 1 1 1 0 0 0 0 1 0 1 0 0 0 0 1 1 1 0 0
 1 1 0 0 0 1 1 1 0 0 1 1 0 1 0 0 0 0 0 1 1 1 0 0]  1
  [1 0 0 1 0 1 0 1 1 0 1 0 1 1 1 1 1 1 1 1 1 0 1 0 1 0 0 1 1 0 1 0 1 1 0 0 0
 1 0 1 1 1 1 0 0 1 1 1 1 1 1 1 0 1 1 0 1 1 0 1 0 0 0 0 0 1 1 1 0 1 1 0 0 1
 1 1 1 1 0 1 0 1 1 0 0 1 0 1 0 1 1 1 0 0 1 0 0 1 1 0 1 0 0 1 1 1 1 1 0 0 1
 0 0 1 0 0 0 0 1 1 0 0 1 1 0 1 1 0 1 0 0 1 1 0 1 1 1 1 0 0 0 1 1 0 0 1 0 1
 1 1 0 0 1 0 1 0 1 1 0 0 0 1 0 1 0 1 1 1 1 0 1 0 0 1 1 1 1 1 1 1 0 0 0 1 1
 0 1 0 1 0 0 1 1 1 0 1 1 1 0 1 1 1 1 0 0 0 0 1 1 0 1 0 1 0 1 1 1 0 1 1 1 0
 0 0 0 0 0 1 1 0 1 1 1 1 1 1 1 1 0 1 0 0 1 0 1 0 0 0 0 0 1 1 0 0 0 1 1 1 0
 1 1 0 1 0 1 1 1 1 0 1 1 0 0 1 0 0 1 0 1 1 0 1 1 1 0 0 1 1 1 0 0 0 0 0 1 0
 1 1 1 1 1 1 0 0 1 1 1 0 0 1 1 0 1 1 1 1 0 0 1 0]  1
  [1 1 0 1 1 0 0 1 0 0 1 1 1 0 0 0 1 1 1 0 1 0 1 1 1 1 1 0 1 1 0 1 1 1 1 1 0
 1 0 0 1 0 0 1 1 1 1 0 1 1 1 0 1 0 0 1 0 1 1 0 0 0 0 0 1 0 1 1 1 1 0 0 0 1
 1 0 0 0 0 1 0 0 1 0 1 1 1 0 0 0 0 0 0 0 0 1 0 1 1 1 0 1 0 1 0 1 0 1 0 0 1
 1 1 0 0 0 1 0 0 0 1 1 0 1 0 0 1 1 0 0 1 0 0 1 0 1 0 0 0 1 0 0 1 1 0 0 1 1
 1 1 0 0 1 1 0 0 1 1 1 1 1 1 0 0 0 0 1 0 0 0 1 1 1 0 0 0 0 1 0 0 0 1 0 0 0
 0 1 1 1 0 1 0 0 0 0 1 0 0 1 1 1 0 1 0 0 0 0 0 1 1 1 0 0 1 1 1 1 0 0 0 1 1
 0 0 0 1 1 0 1 1 1 0 0 1 0 1 0 1 1 1 1 0 1 1 0 1 0 1 0 0 0 1 1 0 0 1 0 0 1
 1 0 0 0 0 1 0 0 1 1 0 1 0 0 0 1 1 0 0 0 1 0 0 1 0 1 1 0 0 0 1 0 0 0 0 0 0
 0 0 0 0 0 0 1 1 1 1 1 0 1 0 1 1 0 0 1 0 1 0 1 0]  1
  [1 0 0 1 0 1 0 0 0 1 1 0 0 0 1 0 0 0 0 0 0 0 1 1 1 1 0 0 0 0 0 0 1 0 1 0 0
 0 0 0 1 0 0 1 1 0 0 0 0 0 0 0 1 0 1 1 1 1 1 1 0 0 1 1 0 0 1 0 0 0 1 1 1 1
 1 1 0 0 1 0 1 1 1 1 1 0 1 1 1 1 0 0 1 0 1 1 0 0 1 0 0 1 1 0 1 1 0 0 1 1 1
 1 1 1 0 1 1 0 1 0 1 0 0 0 1 1 0 1 1 1 1 0 0 0 1 0 1 0 0 0 1 0 0 0 1 0 0 1
 1 1 0 1 1 1 0 1 0 1 1 0 1 0 1 1 0 1 0 1 0 1 1 1 1 0 1 1 1 0 1 1 1 0 1 0 1
 1 0 1 1 1 1 0 0 1 1 0 1 0 0 0 1 0 0 1 0 1 0 0 1 1 0 1 0 0 1 0 0 1 1 1 1 0
 1 1 0 1 1 1 1 1 1 1 0 1 1 0 0 0 1 1 0 1 0 1 0 0 0 0 0 1 1 1 0 0 0 0 1 1 1
 0 1 1 0 1 0 0 1 1 1 0 0 0 0 1 1 0 1 1 1 0 1 0 0 0 0 0 1 1 0 0 1 0 1 1 1 1
 0 0 1 1 0 0 1 1 0 0 0 1 0 0 1 1 0 1 0 1 1 0 1 0]  1
  [1 1 0 1 1 0 1 1 1 0 0 0 1 0 0 0 0 0 0 0 0 1 0 0 0 0 0 1 1 1 1 0 1 1 0 1 1
 0 0 1 0 0 1 0 1 0 1 1 0 0 0 0 0 0 0 0 1 1 1 1 0 1 0 1 1 0 0 0 0 1 0 1 1 0
 1 0 1 0 1 1 0 0 1 1 0 1 0 1 1 0 1 0 0 1 0 0 1 1 0 1 0 0 0 1 1 0 1 1 1 0 0
 1 0 0 1 1 1 1 0 1 0 1 0 1 0 1 1 0 0 0 0 0 1 0 0 0 1 1 1 1 1 0 0 0 1 1 1 1
 0 0 0 1 0 1 1 1 0 1 1 1 1 0 1 0 1 1 0 0 0 1 1 1 0 1 0 0 1 0 1 0 1 1 0 1 1
 1 1 0 0 0 0 0 0 1 1 0 0 0 1 1 0 1 0 1 0 1 1 0 1 1 0 0 0 0 1 0 0 1 0 0 1 1
 1 0 1 0 1 1 0 0 1 0 1 0 0 1 1 1 0 0 0 1 1 0 0 0 0 1 1 0 0 1 0 0 1 1 1 1 1
 1 0 1 1 0 1 0 1 1 1 1 0 1 0 0 1 1 1 0 1 1 1 1 0 0 0 1 1 1 0 0 0 0 0 0 1 0
 1 0 0 0 1 1 1 1 1 1 0 1 1 1 0 1 1 1 1 0 0 0 1 1]  1
  [0 1 0 1 1 0 1 0 1 0 1 0 1 1 1 0 0 1 1 1 1 0 0 1 1 0 1 0 0 0 1 1 1 1 1 0 1
 1 1 1 1 1 0 0 0 0 1 1 0 1 1 0 0 1 1 0 0 1 1 0 0 0 0 0 0 1 0 1 0 0 0 0 1 0
 1 0 0 0 1 1 1 0 1 0 0 0 1 1 1 0 1 1 0 0 0 0 0 0 1 0 0 1 1 0 1 0 1 0 1 0 0
 1 1 1 0 0 0 1 0 1 1 1 0 1 0 0 1 1 0 0 1 1 1 0 0 1 1 1 0 1 1 0 1 0 0 0 0 0
 0 1 0 1 1 1 0 0 0 1 1 0 0 0 0 1 0 1 1 1 0 0 1 1 1 1 1 1 0 0 1 1 1 0 0 0 1
 0 1 1 1 0 1 1 0 0 1 1 1 0 1 1 0 0 0 1 0 1 0 1 1 0 1 1 0 1 0 1 0 0 1 1 0 0
 0 0 1 0 1 0 1 1 0 0 1 1 1 0 1 0 0 1 0 1 0 1 0 0 1 1 1 0 1 1 0 0 0 1 1 1 1
 0 1 1 1 1 1 0 1 0 0 1 1 1 0 1 1 1 1 0 1 1 1 1 0 0 1 0 0 0 0 1 0 1 1 0 1 0
 0 0 1 0 0 1 1 1 1 0 1 0 0 1 0 1 1 1 1 0 1 1 1 1]  1
  [1 1 1 1 0 0 1 1 1 0 0 1 0 1 1 0 0 1 0 1 0 0 0 1 0 0 1 1 0 1 1 1 1 0 0 1 1
 1 1 1 0 0 1 1 1 1 0 0 0 0 0 1 0 0 0 1 1 1 1 0 1 0 0 1 1 1 0 1 0 1 1 1 1 1
 1 1 1 0 1 0 1 1 1 0 0 0 0 1 1 1 0 1 1 0 0 0 0 0 0 1 1 0 1 1 0 1 1 1 0 1 1
 0 0 0 1 1 1 1 0 1 0 1 0 0 0 0 0 1 0 0 1 0 0 1 0 1 0 0 0 1 1 0 0 1 1 0 1 0
 1 0 1 1 0 0 0 1 1 1 0 0 0 0 0 0 0 1 1 1 0 0 1 1 0 0 1 1 1 0 0 0 0 1 0 1 1
 0 0 0 0 0 1 1 0 0 0 1 1 1 0 0 0 0 0 1 1 1 1 1 0 1 0 1 1 1 0 1 0 1 1 0 1 1
 0 1 1 1 0 1 0 0 0 0 0 0 0 1 0 1 0 1 1 1 1 0 0 1 1 0 0 1 0 1 1 0 0 0 1 0 0
 0 0 0 0 1 1 0 1 1 0 1 0 0 0 1 0 0 1 1 0 0 1 1 1 1 1 1 0 0 0 0 0 1 0 1 0 1
 0 0 1 1 0 0 1 1 0 1 0 1 0 1 0 0 0 1 0 1 1 1 0 0]  1
  [0 1 0 0 0 0 1 1 0 1 1 1 1 1 1 0 0 1 0 1 0 1 0 1 0 0 1 0 0 1 1 1 1 0 0 0 1
 0 0 1 1 0 0 1 1 0 0 0 0 1 1 1 1 0 0 1 0 0 1 1 1 1 1 0 0 0 0 1 0 1 1 0 0 0
 0 1 1 0 0 1 0 1 1 1 1 1 1 0 0 0 0 1 1 0 1 1 0 0 0 0 0 0 1 1 1 0 1 0 0 0 1
 0 1 0 1 1 0 0 0 0 1 0 0 1 0 0 0 1 1 0 1 1 0 1 1 1 1 0 1 0 0 1 0 0 0 1 0 1
 0 0 0 0 1 0 1 1 0 1 1 0 1 0 0 1 0 0 0 1 1 1 0 1 0 0 1 0 1 0 0 1 1 0 0 1 0
 1 1 1 0 1 1 1 0 0 1 0 1 1 1 1 1 1 0 1 0 0 0 0 1 1 0 0 0 1 1 0 0 0 0 1 1 0
 0 1 1 0 0 0 0 0 1 0 1 1 0 1 0 1 0 1 0 1 1 0 1 0 1 1 0 0 1 1 1 1 0 1 0 1 1
 0 0 0 0 0 0 0 1 1 1 0 0 0 0 0 1 0 1 0 0 1 1 1 1 1 1 1 1 1 1 1 0 0 0 1 0 1
 0 0 1 1 1 0 1 0 0 0 1 1 1 1 0 1 1 0 1 0 0 0 0 1]  1
  [0 1 0 1 0 1 0 0 1 0 1 0 1 1 0 1 0 1 0 0 1 1 0 1 0 0 1 0 1 0 1 0 0 1 1 1 1
 0 0 1 1 1 0 0 1 0 1 1 0 1 0 1 1 1 1 0 1 0 1 0 0 1 1 1 0 1 0 1 0 1 1 0 1 0
 0 1 1 1 0 0 0 1 0 1 1 1 1 0 0 1 1 1 0 1 1 0 0 0 1 0 1 0 1 1 0 0 0 0 0 1 0
 1 1 0 0 0 1 1 0 0 1 1 0 0 0 0 0 0 0 0 1 0 1 1 0 1 1 1 1 1 1 1 1 0 0 0 0 1
 1 0 0 1 1 0 0 1 1 0 1 1 0 1 0 0 1 1 0 1 1 1 0 1 0 0 0 0 0 1 1 0 1 1 1 1 1
 1 0 1 0 0 1 1 0 0 0 0 0 0 0 1 0 0 0 1 1 1 0 0 1 0 0 1 0 0 1 1 1 0 1 0 1 0
 1 0 0 0 1 0 0 1 0 0 0 1 0 1 1 0 0 0 0 0 0 1 1 0 0 1 0 0 0 0 0 0 0 1 0 0 1
 1 0 1 0 1 0 0 1 0 1 1 1 1 1 0 0 0 0 1 0 1 0 1 0 0 0 1 0 0 1 1 1 1 0 0 1 0
 1 1 0 0 1 1 1 0 0 1 1 1 1 1 1 0 0 0 1 1 0 1 1 1]  1
  [0 1 1 1 1 1 0 1 0 1 1 0 0 1 1 0 0 1 0 1 1 0 0 0 0 1 0 0 1 1 1 1 0 1 0 0 1
 1 1 1 1 0 0 1 1 1 0 1 0 1 1 0 1 0 1 1 1 1 1 0 1 0 1 0 0 1 0 0 0 1 1 1 0 0
 1 0 1 0 1 0 1 1 1 0 1 1 0 0 1 1 1 0 1 1 1 1 0 1 1 1 1 1 1 1 1 1 1 0 0 0 0
 0 1 1 1 1 0 0 0 1 0 0 1 1 0 0 1 1 1 1 1 1 0 1 1 0 1 0 1 1 0 0 1 0 1 1 0 1
 1 0 0 0 0 1 0 1 0 0 1 0 0 0 0 1 0 0 1 1 0 1 1 1 1 1 1 0 1 1 0 1 1 0 1 1 1
 0 1 1 0 1 0 1 1 1 1 0 0 1 1 0 0 0 0 1 1 0 0 1 1 0 1 0 1 1 0 1 1 1 0 1 0 0
 0 1 0 1 0 0 1 0 0 1 1 0 0 0 0 1 0 1 0 1 0 0 1 0 1 0 0 1 1 0 0 0 0 1 0 1 1
 0 1 0 1 1 0 0 0 1 0 1 0 1 0 0 0 1 0 0 1 1 0 0 1 0 1 1 0 1 0 0 1 1 1 0 0 0
 0 1 1 1 1 0 1 0 0 1 0 1 1 1 0 0 0 0 0 0 1 0 0 0]  1
  [0 0 0 1 1 1 0 0 1 1 1 0 1 1 1 0 1 0 0 1 0 1 1 0 1 0 1 1 1 1 1 0 0 0 1 1 1
 1 1 0 0 1 0 1 1 0 1 1 0 0 0 1 0 0 1 1 1 1 1 0 1 0 0 0 1 1 0 0 1 1 0 1 1 0
 0 0 1 0 0 1 1 1 0 0 1 1 0 1 0 1 1 1 1 1 1 0 1 0 1 1 1 0 1 1 0 1 0 1 1 0 1
 0 0 1 0 0 1 1 1 0 0 1 0 0 1 1 1 1 0 0 1 0 0 0 0 1 1 0 1 1 0 1 0 0 1 0 1 0
 1 0 1 1 1 1 0 1 1 0 0 1 1 0 1 0 0 1 0 0 0 0 1 1 0 0 0 1 1 1 0 0 0 1 0 1 0
 1 1 0 0 1 1 0 1 0 1 0 1 1 0 0 1 1 0 0 0 0 0 0 1 0 0 1 1 1 0 1 1 0 1 0 0 0
 0 1 1 0 1 0 0 0 1 0 1 0 0 0 1 1 0 1 1 0 0 0 1 0 0 0 0 1 1 1 0 1 1 1 1 0 1
 1 0 1 1 0 0 0 0 0 0 0 1 1 0 1 1 0 1 0 0 1 0 0 1 1 0 0 1 0 0 0 0 0 1 1 0 0
 0 1 0 0 0 1 1 0 1 1 1 0 0 1 1 0 1 1 1 0 1 0 1 0]  1
  [0 1 1 1 0 1 1 0 0 1 0 1 1 0 0 0 0 0 1 0 0 0 1 0 1 0 0 1 0 1 1 0 0 0 1 0 0
 0 1 0 0 0 1 1 1 1 0 0 1 0 1 0 1 1 0 1 0 0 1 1 1 0 1 1 0 0 1 0 0 0 1 0 1 1
 1 1 0 0 1 1 1 0 1 1 0 0 0 0 1 1 0 1 0 0 0 1 0 1 1 1 0 1 0 1 1 1 1 0 1 1 0
 0 0 0 1 0 0 0 0 1 0 1 0 1 0 0 1 1 0 0 1 1 0 1 1 0 1 1 0 0 1 1 1 0 1 1 1 1
 0 0 0 0 1 0 1 1 1 1 0 0 0 1 0 1 1 0 1 0 0 0 0 1 1 0 1 0 1 1 0 0 0 1 1 1 0
 1 0 1 0 1 0 1 0 0 1 1 0 1 1 0 1 1 0 0 0 0 1 0 0 0 0 0 1 1 1 0 1 0 0 0 0 1
 1 1 1 1 1 1 1 0 1 0 0 1 1 0 0 0 0 1 1 1 1 0 1 1 1 1 0 1 0 1 0 0 1 1 1 0 1
 1 0 1 0 0 0 0 0 1 1 1 1 0 0 1 1 1 1 0 1 0 0 0 1 1 0 1 0 1 1 1 0 1 1 0 1 1
 0 0 1 1 1 0 0 0 1 0 0 1 1 0 1 1 0 1 0 0 0 1 0 0]  1
  [0 0 1 1 1 1 1 1 0 1 1 1 1 0 0 0 1 0 0 0 1 0 0 0 0 0 1 1 0 1 0 0 0 0 1 0 1
 0 0 0 1 0 1 0 1 0 0 0 1 0 1 1 0 0 1 1 1 1 0 1 0 1 0 0 1 1 0 1 1 1 1 0 1 0
 0 0 1 0 0 0 1 0 1 1 0 1 1 0 0 1 0 1 0 1 0 1 0 1 0 1 1 1 1 1 0 1 1 0 0 1 0
 0 0 0 1 0 1 1 0 0 1 0 0 0 0 0 1 0 0 0 0 1 1 1 0 0 1 0 1 0 0 0 0 0 0 1 0 1
 0 0 1 0 0 0 1 0 1 1 1 1 0 0 0 0 0 0 0 0 0 1 0 0 0 0 0 1 0 1 0 0 0 0 0 1 0
 1 1 0 1 0 0 1 1 1 0 1 0 1 1 0 0 0 1 0 0 1 0 0 1 1 1 0 0 1 1 1 0 0 1 0 1 1
 0 0 0 0 0 0 0 0 0 1 1 1 1 1 0 0 0 0 0 0 1 1 1 1 1 1 0 1 0 1 1 1 0 1 1 0 0
 0 1 0 0 1 1 1 1 0 1 1 1 1 0 0 0 0 1 1 0 0 0 0 0 1 1 1 1 1 1 1 0 0 1 1 1 1
 0 0 0 1 1 1 1 0 0 1 0 1 0 0 0 1 1 0 1 1 1 0 0 0]  1
  [1 0 1 1 0 1 1 0 0 0 1 1 1 1 0 0 0 0 0 1 1 0 1 1 1 0 1 0 1 1 1 0 0 1 1 1 0
 0 0 1 1 0 1 1 0 1 0 1 0 0 1 1 1 0 0 0 0 1 1 1 1 1 0 0 1 1 0 1 0 0 1 0 0 1
 0 0 1 0 0 1 0 0 1 1 0 0 1 1 0 1 0 1 1 1 0 1 0 0 1 1 1 1 0 0 1 1 0 1 1 1 1
 1 1 0 0 0 0 0 1 1 1 0 0 0 1 1 0 0 0 0 0 0 1 0 0 1 0 1 1 1 0 1 1 1 0 1 1 1
 0 0 0 0 0 1 0 1 1 1 0 1 0 0 0 1 1 1 0 0 0 1 1 1 1 1 0 1 0 0 0 0 0 1 1 0 0
 1 0 0 0 0 0 0 1 1 0 0 0 1 1 1 0 0 0 1 0 1 0 0 0 1 1 0 0 1 1 1 0 1 0 1 0 1
 1 0 1 1 0 0 0 1 0 0 1 0 1 1 1 1 1 1 1 1 0 0 1 1 0 1 1 0 1 1 0 0 0 1 0 1 0
 1 0 0 1 1 1 1 1 0 0 0 0 1 1 0 0 1 1 1 1 0 0 1 0 1 1 0 0 0 1 1 1 1 0 0 0 0
 1 0 1 1 0 0 1 0 1 1 0 0 0 0 1 1 1 0 0 1 1 0 0 1]  1
  [1 0 0 0 1 0 1 0 1 1 0 0 1 0 1 0 1 0 0 0 1 1 0 0 1 0 1 0 0 0 0 1 0 1 1 0 0
 0 1 1 0 1 1 1 1 1 1 1 0 1 0 1 1 1 1 0 1 1 1 1 1 0 1 1 1 0 0 1 1 0 1 1 0 0
 1 0 0 0 1 1 0 0 1 1 1 0 1 0 1 1 1 0 0 1 0 0 1 0 0 0 0 0 0 0 1 1 0 0 0 1 0
 0 0 1 1 0 1 0 1 0 0 0 1 0 1 1 0 1 1 0 1 0 0 1 0 0 1 0 0 0 1 0 0 1 0 1 0 0
 1 0 0 0 1 0 1 1 0 0 0 1 0 0 1 0 0 0 1 0 0 1 0 1 1 0 0 1 0 1 1 1 1 0 1 1 1
 1 0 0 0 1 1 0 0 1 1 1 0 0 1 1 1 0 1 1 0 0 0 0 0 1 1 1 1 0 0 1 0 0 1 0 0 0
 1 0 0 0 1 0 0 1 1 1 0 0 0 0 0 0 0 1 0 0 0 1 0 0 0 1 0 0 1 0 0 0 1 1 1 1 1
 1 1 1 1 0 1 1 0 1 1 0 0 0 0 1 0 1 1 0 1 0 0 1 0 0 0 1 1 0 1 0 0 1 1 0 1 0
 1 1 1 0 0 0 0 1 0 1 1 0 0 0 0 1 0 1 1 1 0 0 0 1]  1
  [1 1 0 0 0 0 1 1 1 1 0 1 1 1 0 1 1 1 0 1 0 1 1 0 1 0 1 0 1 0 1 0 1 1 0 1 1
 1 0 0 1 0 1 1 0 0 1 0 0 1 1 0 0 0 1 1 1 0 0 0 0 0 1 0 1 1 1 0 1 1 0 0 1 1
 1 0 1 0 1 1 1 1 1 0 0 1 1 1 1 1 0 1 0 0 0 1 1 0 1 0 0 0 0 0 0 1 0 1 1 0 0
 0 0 1 1 1 0 0 0 0 1 0 1 0 1 0 1 1 0 0 1 0 0 0 1 0 1 1 1 0 1 1 0 0 0 0 0 1
 1 0 0 1 1 1 1 1 1 0 0 0 1 0 0 0 0 0 0 1 1 1 0 1 1 1 0 0 0 1 0 1 0 1 1 1 0
 1 0 1 1 0 1 0 0 1 0 0 1 1 0 0 1 1 0 1 1 1 1 1 0 1 0 1 0 0 1 1 1 0 0 0 0 0
 1 1 0 0 0 0 0 0 1 1 0 1 1 0 1 0 1 1 1 0 1 1 0 1 0 1 0 1 0 0 0 0 1 1 1 1 1
 0 0 0 1 1 1 1 1 0 0 0 1 1 0 0 1 1 1 0 0 1 1 1 1 0 1 0 1 1 1 1 0 1 1 1 0 1
 0 1 0 1 0 1 1 0 0 1 1 0 1 1 1 1 1 0 1 0 0 1 0 0]  1
  [1 1 1 0 1 1 1 1 0 0 0 1 0 0 0 0 0 1 1 0 1 0 1 1 1 0 0 0 0 1 0 1 1 0 1 1 0
 1 1 0 0 0 0 0 1 0 1 1 1 0 0 1 1 1 1 0 1 0 1 0 0 1 1 1 0 1 0 1 0 0 0 1 0 1
 1 0 1 0 0 1 1 1 1 1 0 1 0 1 1 1 1 0 1 1 1 1 1 1 0 0 1 1 1 0 0 0 0 0 1 1 0
 1 1 0 0 1 1 1 0 1 0 0 0 1 1 0 1 1 1 0 0 1 0 1 0 0 1 1 1 0 0 1 0 0 0 0 1 0
 1 1 1 0 0 1 0 0 1 0 0 1 0 0 1 1 1 1 1 1 0 0 0 1 0 1 0 1 0 0 1 1 0 0 0 1 1
 0 1 0 0 0 0 1 0 1 1 0 0 0 1 0 0 1 0 0 1 1 0 0 1 0 1 0 0 0 1 0 1 1 1 0 0 1
 0 0 1 1 0 0 1 1 0 1 1 0 0 1 1 0 1 1 1 1 0 0 0 1 0 1 0 0 1 1 0 1 1 0 1 1 1
 0 0 0 1 0 0 1 1 0 0 0 1 0 1 1 1 0 1 0 0 1 1 1 1 1 0 1 0 1 1 0 1 0 0 0 0 0
 0 1 0 1 1 0 1 0 1 1 0 0 0 0 0 0 1 1 1 1 0 0 1 0]  1
  [1 0 0 0 0 1 0 0 0 1 1 0 1 1 0 1 1 1 0 1 1 0 0 1 0 0 1 1 1 1 0 1 1 1 0 1 1
 0 0 1 0 1 1 0 0 1 1 1 0 0 1 0 0 0 0 0 0 1 1 1 0 1 0 1 1 0 0 0 0 1 0 0 0 1
 0 1 1 0 0 0 0 0 0 0 0 0 1 0 0 1 1 0 0 0 1 1 1 0 0 0 0 0 0 1 1 0 0 0 0 0 0
 0 1 1 0 0 0 1 1 0 1 1 0 1 0 1 1 1 1 0 1 1 1 1 1 1 1 0 0 0 0 0 1 0 0 0 0 1
 0 1 1 0 0 0 0 0 1 1 0 1 1 0 0 0 1 0 1 0 1 0 1 0 1 1 1 0 1 1 0 1 0 1 1 1 0
 0 1 1 0 1 1 1 1 1 1 1 1 0 1 1 1 0 1 1 0 1 0 0 0 0 0 0 0 1 1 0 1 0 1 1 0 0
 0 1 1 0 1 1 1 0 1 1 1 0 1 1 0 0 0 0 0 1 0 1 1 1 1 1 1 1 0 0 1 1 1 1 1 0 0
 0 0 0 1 0 0 0 0 1 0 1 1 1 1 0 0 1 1 1 0 0 0 1 1 0 0 0 1 1 1 1 0 1 1 1 1 1
 0 1 0 0 1 1 0 0 0 1 0 1 0 0 1 1 1 0 0 1 0 0 0 0]  1
Best initially:
  [0 1 1 1 1 1 0 0 1 0 1 0 1 0 0 1 0 0 1 0 1 1 1 1 0 1 1 0 1 0 1 0 0 1 0 0 0
 0 1 0 1 0 0 0 1 0 0 0 0 0 1 0 1 0 0 0 1 0 1 1 1 1 1 1 0 0 1 0 0 1 1 1 1 1
 1 1 0 0 1 1 0 0 0 0 1 0 0 1 1 1 0 0 1 1 1 0 0 1 0 0 1 1 1 1 0 0 0 1 0 0 1
 0 0 0 0 1 0 1 0 0 1 1 0 0 0 1 0 1 0 1 1 1 1 1 1 0 1 1 1 0 1 0 1 0 0 1 0 0
 1 1 0 0 1 0 0 0 0 1 0 0 1 1 0 1 1 0 0 1 0 0 0 1 0 1 1 0 1 1 0 0 1 0 1 0 1
 0 1 0 0 0 1 1 0 0 1 0 0 0 1 1 1 1 0 0 0 1 0 1 1 1 1 0 1 1 1 1 0 0 0 1 0 0
 1 0 0 1 0 1 1 0 1 0 0 0 0 1 1 1 0 1 0 0 1 1 0 0 0 0 1 0 0 1 1 0 0 0 0 1 0
 1 1 1 1 1 1 0 1 1 1 0 1 1 1 1 1 1 1 0 0 1 0 0 0 0 1 1 0 1 1 1 0 0 1 0 0 0
 1 1 1 0 1 1 0 0 0 0 1 0 1 1 1 1 0 0 1 0 0 1 0 1] at locn 0, fitness = 1

final population, fitnesses: (up to 1st 100 chromosomes)
  [0 1 0 1 0 1 0 0 1 0 1 1 1 1 1 1 1 0 1 0 0 1 1 0 1 1 1 0 1 1 0 0 0 1 0 0 0
 0 0 0 1 0 1 0 1 0 1 0 0 0 1 0 1 0 0 0 0 0 1 1 1 1 1 1 1 0 0 0 0 1 1 1 1 0
 0 1 1 1 1 1 1 0 0 0 1 0 0 1 0 1 0 0 1 1 1 0 1 0 0 0 1 0 1 1 0 1 1 0 1 0 0
 1 0 1 1 1 0 1 1 1 0 1 1 0 0 1 0 1 0 1 1 1 1 1 1 0 1 1 1 0 0 0 1 0 0 1 1 1
 1 1 0 1 0 0 0 0 1 0 0 1 1 0 0 1 1 0 1 0 1 0 0 0 0 1 1 0 0 1 0 0 0 0 0 0 0
 0 1 1 0 0 1 1 0 0 1 0 1 0 0 1 1 1 1 0 0 0 0 0 1 0 1 0 0 0 1 1 0 0 0 1 1 0
 1 1 0 0 1 1 1 0 1 0 0 0 0 1 1 1 0 0 0 0 0 1 0 1 0 0 1 0 1 1 0 0 0 0 0 1 1
 0 1 1 1 1 0 0 0 1 1 0 1 1 1 1 0 1 1 0 0 0 1 0 0 0 0 1 1 0 1 1 0 0 1 0 0 1
 1 1 1 0 1 1 1 0 1 1 0 0 1 1 1 1 1 0 0 0 0 1 0 1]  1
  [0 1 0 1 0 1 0 0 1 0 1 1 1 1 1 1 1 0 1 0 0 1 1 0 1 1 1 0 1 1 0 0 0 1 0 0 0
 0 0 0 1 0 1 0 1 0 1 0 0 0 1 0 1 0 0 0 0 1 1 1 1 1 1 1 1 0 0 0 0 1 1 1 1 0
 0 1 1 1 1 1 1 0 0 0 1 0 0 1 0 1 0 0 1 1 1 0 1 0 0 0 1 0 1 1 0 1 1 0 1 0 0
 1 0 1 1 1 0 1 1 1 0 1 1 0 0 1 0 1 0 1 1 1 1 1 1 0 1 1 1 0 0 0 1 0 0 1 1 1
 1 1 0 1 0 0 0 0 1 0 0 1 1 1 0 1 1 0 1 0 1 0 0 0 0 1 1 0 0 1 0 0 0 0 0 0 0
 0 1 1 0 0 0 1 0 0 1 0 1 0 0 1 1 1 1 0 0 0 0 0 1 0 1 0 0 0 1 1 0 0 0 1 1 0
 1 1 0 0 1 1 1 0 1 0 0 0 0 1 1 1 0 0 0 0 0 1 0 1 0 0 1 0 1 1 0 0 0 0 0 1 1
 0 1 1 1 1 0 0 0 1 1 0 1 1 1 1 0 1 1 0 0 0 1 0 0 0 0 1 1 0 1 1 0 0 1 0 0 1
 1 0 1 0 0 1 1 0 1 1 0 0 1 1 1 1 1 0 0 0 0 1 0 1]  1
  [0 1 0 1 0 1 0 0 1 0 1 1 1 1 1 1 1 0 1 0 0 1 1 0 1 1 1 0 1 1 0 0 0 1 0 0 0
 0 0 0 1 0 1 0 1 0 1 0 0 0 1 0 1 0 0 0 0 0 1 1 1 1 1 1 1 0 0 0 0 1 1 1 1 0
 0 1 1 1 1 1 1 0 0 0 1 0 0 1 0 1 0 0 1 1 1 0 1 0 0 0 1 0 1 1 0 1 1 0 1 0 0
 1 0 1 1 1 0 0 1 1 0 1 1 0 0 1 0 1 0 1 1 1 1 1 1 0 1 1 1 0 0 0 1 0 0 1 1 1
 1 1 0 1 0 0 0 0 1 0 0 1 1 0 0 1 1 0 1 0 1 0 0 0 0 1 1 0 0 1 0 0 0 0 0 0 0
 0 1 1 0 0 0 1 0 0 1 0 1 0 0 1 1 1 1 0 0 0 0 0 1 0 1 0 0 0 1 1 0 0 0 1 1 0
 1 1 0 0 1 1 1 0 1 0 0 0 0 1 1 1 0 0 0 0 0 1 0 1 0 0 1 0 1 1 0 0 0 0 0 1 1
 0 1 1 1 1 0 0 0 1 1 0 1 1 1 1 0 1 1 0 0 0 1 0 0 0 0 1 1 0 1 1 0 0 1 0 0 1
 0 1 1 0 1 1 1 0 1 1 0 0 1 1 1 1 1 0 0 0 0 1 0 1]  1
  [0 1 0 1 0 1 0 0 1 0 1 1 1 1 1 1 1 0 1 0 0 1 1 0 1 1 1 0 1 1 0 0 0 1 0 0 0
 0 0 0 1 0 1 0 1 0 1 0 0 0 1 0 1 0 0 0 0 0 1 1 1 1 1 1 1 0 0 0 0 1 1 1 1 0
 0 1 1 1 1 1 1 0 0 0 1 0 0 1 0 1 0 0 1 1 1 0 1 0 0 0 1 0 1 1 0 1 1 0 1 0 0
 1 0 1 1 1 0 1 1 1 0 1 1 0 0 1 0 1 0 1 1 1 1 1 1 0 1 1 1 0 0 1 1 0 0 0 1 1
 1 1 0 1 0 0 0 0 1 0 0 1 1 0 0 1 1 0 1 0 1 0 1 0 0 1 1 0 0 1 0 0 0 0 0 0 1
 0 1 1 0 0 0 1 0 0 1 0 1 0 0 1 1 1 1 0 0 0 0 0 1 0 1 0 0 0 1 1 0 0 0 1 1 0
 1 1 0 0 1 1 1 0 1 0 0 0 0 1 1 1 0 0 0 0 0 1 0 1 0 0 1 0 1 1 0 0 0 0 0 1 1
 0 1 1 1 1 0 0 0 1 1 0 1 1 1 1 0 1 1 0 0 0 1 0 0 0 0 1 1 0 1 1 0 0 1 0 0 1
 1 1 1 0 1 1 1 0 1 1 0 0 0 1 1 1 1 0 0 0 0 1 0 1]  1
  [0 1 0 1 0 1 0 0 1 0 1 1 1 1 1 1 1 0 1 0 0 1 1 0 1 1 1 0 1 1 0 0 0 1 0 0 0
 0 0 0 1 0 1 0 1 0 1 0 0 0 1 0 1 0 0 0 0 0 1 1 1 1 1 1 1 0 0 0 0 1 1 1 1 0
 0 1 1 1 1 1 1 0 0 0 1 0 0 1 0 1 0 0 1 1 1 0 1 0 0 0 1 0 1 1 0 1 1 0 1 0 0
 1 0 1 1 1 0 1 1 1 0 1 1 0 0 1 0 1 0 1 1 1 1 1 1 0 1 1 1 0 0 0 1 0 0 1 1 1
 1 1 0 1 0 0 0 0 1 0 0 1 1 0 0 1 1 0 1 0 1 0 1 0 0 1 1 0 0 1 0 0 0 0 0 0 0
 0 1 1 0 0 0 1 0 0 1 0 1 0 0 1 1 1 1 0 0 0 0 0 1 0 1 0 0 0 1 1 0 0 0 1 1 0
 1 1 0 0 1 1 1 0 1 0 0 0 0 1 1 1 0 0 0 0 0 1 0 1 0 0 1 0 1 1 0 0 0 0 0 1 1
 0 1 1 1 1 0 0 0 1 1 0 1 1 1 1 0 1 1 0 0 0 1 0 0 0 0 1 1 0 1 1 0 0 1 0 0 1
 1 1 1 0 1 1 1 0 1 1 0 0 1 1 1 1 1 0 0 0 0 0 0 1]  1
  [0 1 0 1 0 1 0 0 1 0 1 1 1 1 1 1 1 0 1 0 0 1 1 0 1 1 1 0 1 1 0 0 0 1 0 0 0
 0 0 0 1 0 1 0 1 0 1 0 0 0 1 0 1 0 0 1 0 0 1 1 1 1 1 1 1 0 0 0 0 1 1 1 1 0
 0 1 1 1 1 1 1 0 0 0 1 0 0 1 0 1 0 0 1 1 1 0 1 0 0 0 1 0 1 1 0 1 1 0 1 0 0
 1 0 1 1 1 0 1 1 1 0 1 1 0 0 1 0 1 0 1 1 1 1 1 1 0 1 1 1 0 0 0 1 0 0 1 1 1
 1 1 0 1 0 0 0 0 1 0 0 1 1 0 0 1 1 0 1 0 1 0 1 0 0 1 1 0 0 1 0 0 0 0 0 0 0
 0 1 1 0 0 0 1 0 0 1 0 1 0 0 1 1 1 1 0 0 0 0 0 1 0 1 0 0 0 1 1 0 0 0 1 1 0
 1 1 0 0 1 1 1 1 1 0 0 0 0 1 1 1 0 0 0 0 0 1 0 1 0 0 1 0 1 1 0 0 0 0 0 1 1
 0 1 1 1 1 0 0 0 1 1 0 1 1 1 1 0 1 1 0 0 1 1 0 0 0 0 1 1 0 1 1 0 0 1 0 0 1
 1 1 1 0 1 1 1 0 1 1 0 0 1 1 1 1 1 0 0 0 0 1 0 1]  1
  [0 1 0 1 0 1 0 0 1 0 1 1 1 1 1 1 1 0 1 0 0 1 1 0 1 1 1 0 1 1 0 0 0 1 0 0 0
 0 0 0 1 0 1 0 1 0 1 0 0 0 1 0 1 1 0 0 0 0 1 1 1 1 1 1 1 0 0 0 0 1 1 1 1 0
 0 1 1 1 1 1 1 0 0 0 1 0 0 1 0 1 0 0 1 1 1 0 1 0 0 0 1 0 1 1 0 1 1 0 1 0 0
 1 0 1 1 1 0 1 1 1 0 1 1 0 0 1 0 1 0 1 1 1 1 1 1 0 1 1 1 0 0 0 1 0 0 1 1 1
 1 1 0 1 0 0 0 0 1 0 0 1 1 0 0 1 1 0 1 0 1 0 0 0 0 1 1 0 0 1 0 0 0 0 0 0 0
 0 1 0 0 0 0 1 0 0 1 0 1 0 0 1 1 1 1 0 0 0 0 0 1 0 1 0 0 0 1 1 0 0 0 1 1 0
 1 1 0 0 1 1 1 0 1 0 0 0 0 1 1 1 0 0 0 0 0 1 0 1 0 0 1 0 1 1 0 0 1 0 0 1 1
 0 1 1 1 1 0 0 0 1 1 0 1 1 1 1 0 1 1 0 0 0 1 0 0 0 0 1 1 0 1 1 0 0 1 0 0 1
 1 1 1 0 1 1 1 0 1 1 0 0 1 1 1 1 1 0 0 0 0 1 0 1]  1
  [0 1 0 1 0 1 0 0 1 0 1 1 1 1 1 1 1 0 1 0 0 1 1 0 1 1 1 0 1 1 0 0 0 1 0 0 0
 0 0 0 1 0 1 0 1 0 1 0 1 0 1 0 1 0 0 0 0 0 1 1 1 1 1 1 1 0 0 0 0 1 1 1 1 0
 0 1 1 1 1 1 1 0 1 0 1 0 0 1 0 1 0 0 1 1 1 0 1 0 0 0 1 0 1 1 0 1 1 0 1 0 0
 1 0 1 1 1 0 1 1 1 0 1 0 0 0 1 0 1 0 1 1 1 1 1 1 0 1 1 1 0 0 0 1 0 0 1 1 1
 1 1 0 1 0 0 0 0 1 0 0 1 1 0 0 1 1 0 1 0 1 0 0 0 0 1 1 0 0 1 0 0 0 0 0 0 0
 0 1 1 0 0 0 1 0 0 1 0 1 0 0 1 1 1 1 0 0 0 0 0 1 0 1 0 0 0 1 1 0 0 0 1 1 0
 1 1 0 0 1 1 1 0 1 0 0 0 0 1 1 1 0 0 0 0 0 1 0 1 0 0 1 0 1 1 0 0 0 0 0 1 1
 0 1 1 1 1 0 0 0 1 0 0 1 1 1 1 0 1 1 0 0 0 1 0 0 0 0 1 1 0 1 1 0 0 1 0 0 1
 1 1 1 0 1 1 1 1 1 1 0 0 1 1 1 1 1 0 0 0 0 1 0 1]  1
  [0 1 0 1 0 1 0 1 1 0 1 0 1 1 1 1 1 0 1 0 0 1 1 0 1 1 1 0 1 0 0 0 0 1 0 0 0
 0 0 0 1 0 1 0 1 0 1 0 0 0 1 0 1 0 0 0 0 0 1 1 1 1 1 1 1 0 0 0 0 1 1 1 1 0
 0 1 1 1 1 1 1 0 0 0 1 0 0 1 0 1 0 0 1 1 1 0 1 0 0 0 0 0 1 1 0 1 1 0 1 0 0
 1 0 1 1 1 0 1 1 1 0 1 1 0 0 1 0 1 0 0 1 1 1 1 1 0 1 1 1 0 0 0 1 0 0 1 1 1
 1 1 0 1 0 0 0 0 1 0 0 1 1 0 0 1 1 0 1 0 1 0 0 0 0 1 1 0 0 1 0 0 0 0 0 0 0
 0 1 1 0 0 0 1 0 0 1 0 1 0 0 1 1 1 1 0 0 0 0 0 1 0 1 0 1 0 1 1 0 0 0 1 1 0
 1 1 0 0 1 1 1 0 1 0 0 1 0 1 1 1 0 0 0 0 0 1 0 1 0 0 1 0 1 1 0 0 0 0 0 1 1
 0 1 1 1 1 0 0 1 1 1 0 1 1 1 1 0 1 1 0 1 0 1 0 0 0 1 1 1 0 1 1 0 0 1 0 0 1
 1 1 1 0 1 1 1 0 1 1 0 0 1 1 1 1 1 0 0 0 0 1 0 1]  1
  [0 1 0 1 0 1 0 0 1 0 1 0 1 1 1 1 1 0 0 0 0 1 1 0 1 1 1 0 1 0 0 0 0 1 0 0 0
 0 0 0 1 0 1 0 1 1 1 0 0 0 1 0 1 0 0 0 1 0 1 1 1 1 1 1 1 0 0 0 0 1 1 1 1 0
 0 1 1 1 1 1 1 0 0 0 1 0 0 1 0 1 0 0 1 1 1 0 0 0 0 0 0 0 1 1 0 1 1 0 1 0 0
 1 0 1 1 1 0 1 1 1 0 1 1 0 0 1 0 1 0 0 1 1 1 1 1 0 1 1 1 0 0 0 1 0 0 1 1 1
 1 1 0 1 0 0 0 0 1 0 0 1 1 0 0 1 1 0 1 0 1 0 0 0 0 1 1 0 0 1 0 0 0 0 0 0 0
 0 1 1 0 0 0 1 0 0 1 0 1 0 0 1 1 1 1 0 0 0 0 0 1 0 1 0 0 0 1 1 0 0 0 1 1 0
 1 1 0 0 1 1 1 0 1 0 0 1 0 1 1 1 0 0 0 0 0 1 0 1 0 0 1 0 1 1 0 0 0 0 0 1 1
 0 1 1 1 1 0 0 0 1 1 0 1 1 1 1 0 1 1 0 0 0 1 0 0 0 1 1 1 0 1 1 0 0 1 0 0 1
 1 1 1 0 1 1 1 0 1 1 0 1 1 1 1 1 1 0 0 0 0 1 0 1]  1
  [1 1 0 1 0 1 0 0 1 0 1 1 1 1 1 1 1 0 1 0 0 1 1 0 1 1 1 0 1 1 0 0 0 0 0 0 0
 0 0 0 1 0 1 0 1 0 1 0 0 0 1 0 1 0 0 0 0 0 1 1 1 1 1 1 1 0 1 0 0 1 1 1 1 0
 0 1 1 1 1 1 1 0 0 0 1 0 0 1 0 1 0 0 1 1 1 0 1 0 0 0 1 0 1 1 0 1 1 0 1 0 0
 1 0 0 1 1 0 1 1 1 0 1 1 0 0 1 0 1 0 1 1 1 1 1 1 0 1 1 1 0 0 0 1 0 0 1 1 1
 1 1 0 1 0 0 0 0 1 0 0 1 1 0 0 1 1 0 1 0 1 0 0 0 1 1 1 0 0 1 0 0 0 0 0 0 0
 0 1 1 0 0 0 1 0 0 1 0 1 0 0 1 1 1 1 0 0 0 0 0 1 0 1 0 0 0 1 1 0 0 0 1 1 0
 1 1 0 0 1 1 1 0 1 0 0 0 0 1 1 1 0 0 0 0 0 1 0 1 0 0 1 0 1 1 0 0 0 0 0 1 1
 0 1 1 1 1 0 0 0 1 1 0 1 1 1 1 0 1 1 0 0 0 1 0 0 0 0 1 1 0 1 1 0 0 1 0 0 1
 1 1 1 0 1 1 1 0 1 1 0 0 1 1 1 1 1 0 0 0 0 1 0 1]  1
  [0 1 0 1 0 1 0 0 1 0 1 0 1 1 1 1 1 0 1 0 0 1 1 0 1 1 1 0 1 0 0 0 0 1 0 0 0
 0 0 0 1 0 1 0 1 0 1 0 0 0 1 0 1 0 0 0 0 0 1 1 1 1 1 1 1 0 0 0 0 1 1 1 1 0
 0 1 1 1 1 1 1 0 0 0 1 0 0 1 0 1 0 0 1 1 1 0 1 0 0 0 0 0 1 1 0 1 1 0 1 0 0
 1 0 1 1 1 0 1 1 1 0 1 1 0 0 1 0 1 0 0 1 1 1 1 1 0 1 1 1 0 0 0 1 0 0 1 1 1
 1 1 0 1 0 0 0 0 1 0 0 1 1 0 0 1 1 0 1 0 1 0 0 0 0 1 1 0 0 1 0 0 0 0 0 0 0
 0 1 1 0 0 0 1 0 0 1 0 1 0 0 1 1 1 1 0 0 0 0 0 1 0 1 0 0 0 1 1 0 0 0 1 1 0
 1 1 1 0 1 1 1 0 1 1 0 1 0 1 1 1 0 0 0 0 0 1 0 0 0 0 1 0 1 1 0 0 0 0 0 1 1
 0 1 1 1 1 0 0 0 1 1 0 1 1 1 1 0 1 1 0 0 0 1 0 0 0 1 1 1 0 1 1 1 0 1 0 0 1
 1 1 1 0 1 1 1 0 1 1 0 0 1 1 1 1 1 0 0 0 0 1 0 1]  1
  [0 1 0 1 0 1 0 0 1 0 1 0 1 1 1 1 1 0 1 1 0 1 1 0 1 1 1 0 1 0 0 0 0 1 0 0 0
 0 0 0 1 0 1 0 1 0 1 0 0 0 1 0 1 0 0 1 0 0 1 1 1 1 1 1 1 0 0 0 0 1 1 1 1 0
 0 1 1 1 1 1 1 0 0 0 1 0 0 0 0 1 0 0 1 1 1 0 1 0 0 0 0 0 1 1 0 1 1 0 1 0 0
 1 0 1 1 1 0 1 1 1 0 1 1 0 0 1 0 1 0 0 1 1 1 1 1 0 1 1 1 0 0 0 1 1 0 1 1 1
 1 1 0 1 0 0 0 0 1 0 0 1 1 0 0 1 1 0 1 0 1 0 0 0 0 1 1 0 0 1 0 0 0 0 0 0 0
 0 1 1 0 0 0 1 0 0 1 0 1 0 0 1 1 1 1 0 0 0 0 0 1 0 1 0 0 0 1 1 0 0 0 1 1 0
 1 1 0 0 1 1 1 0 1 0 0 1 0 1 1 1 0 0 1 0 0 1 0 1 0 0 1 0 1 1 0 0 0 0 0 1 1
 0 1 1 1 1 0 0 0 1 1 0 1 1 1 1 0 1 1 0 0 0 1 0 0 0 1 1 1 0 1 1 0 0 1 0 0 1
 1 1 1 0 1 1 1 0 1 1 0 0 1 1 1 1 1 0 0 0 0 1 0 1]  1
  [0 1 0 1 0 1 0 0 1 0 1 0 1 1 1 1 1 0 1 0 0 1 1 0 1 1 1 0 1 0 0 0 0 1 0 0 0
 0 0 0 1 0 1 0 1 0 1 0 0 0 1 0 1 0 0 0 0 0 1 1 1 1 1 1 1 0 0 0 0 1 1 1 1 0
 0 1 1 1 1 1 1 0 0 0 1 0 0 1 0 1 0 0 1 1 1 0 1 0 0 0 0 0 1 1 0 1 1 0 1 0 0
 1 0 1 1 1 0 1 1 1 0 1 1 0 0 1 0 1 0 0 1 1 1 1 1 0 1 1 1 0 0 0 1 0 0 1 1 1
 1 1 0 1 0 0 0 0 1 0 0 1 1 0 0 1 1 0 1 0 1 0 0 0 0 1 1 0 0 1 0 0 0 0 0 0 0
 0 1 1 0 0 0 1 0 0 1 0 1 1 0 1 1 1 1 0 0 0 0 0 1 0 1 0 0 0 1 1 0 0 0 1 1 0
 1 1 0 0 1 1 1 0 1 0 0 1 0 1 1 1 0 0 0 0 0 1 0 1 0 0 1 0 1 1 0 0 1 0 0 1 0
 0 1 1 1 1 0 0 0 1 1 0 1 1 1 1 0 1 1 0 0 0 1 0 0 0 1 1 1 0 1 1 0 0 1 0 0 1
 1 1 1 0 1 1 1 1 1 1 0 0 1 1 1 1 1 0 0 0 0 1 0 1]  1
  [0 1 0 1 0 1 0 0 1 0 1 1 1 1 1 1 1 0 1 0 0 1 1 0 1 1 1 0 1 1 0 0 0 1 0 0 0
 0 0 0 1 0 1 0 1 0 1 0 0 0 1 0 1 0 0 0 0 0 1 1 1 1 1 1 1 0 0 0 0 1 1 1 1 0
 0 1 1 1 1 1 1 0 0 0 1 0 0 1 0 1 0 0 1 1 1 0 1 0 0 0 1 0 1 1 0 1 1 0 1 0 0
 1 0 1 1 1 0 1 1 1 0 1 1 0 0 1 0 1 0 1 1 1 1 1 1 0 1 1 1 0 0 0 1 0 0 1 1 1
 1 1 0 1 0 0 0 0 1 0 0 1 1 0 0 1 1 0 1 0 1 0 0 0 0 1 1 0 0 1 0 0 0 0 0 0 0
 0 1 1 0 0 0 1 0 0 1 0 1 0 0 1 1 1 1 0 0 0 0 0 1 0 1 0 0 0 1 1 0 0 0 1 1 0
 1 1 0 0 0 1 1 0 1 0 0 0 0 1 1 1 0 0 0 0 0 1 0 1 0 0 1 1 1 1 0 0 0 0 0 1 1
 0 1 1 1 1 0 0 0 1 1 0 1 1 1 1 0 1 1 0 0 0 1 0 0 0 0 1 1 1 1 1 0 0 1 0 0 1
 1 1 1 0 1 1 1 0 1 1 0 0 1 1 1 1 1 0 0 0 0 1 0 1]  1
  [0 1 0 1 0 1 0 0 1 0 1 1 1 1 1 0 1 0 1 0 0 1 1 0 1 1 1 0 1 1 0 0 0 1 0 0 0
 0 0 0 1 0 1 0 1 0 1 0 0 0 1 0 1 0 0 0 0 0 1 1 1 1 1 1 1 0 0 0 0 1 1 1 1 0
 0 1 1 1 1 1 1 0 0 0 1 0 0 1 0 1 0 0 1 1 1 0 1 0 0 0 1 0 1 1 0 1 1 0 1 0 0
 1 0 1 1 1 0 1 1 1 0 1 1 0 0 1 0 1 0 1 1 1 1 1 1 1 1 1 1 0 0 0 1 0 0 1 1 1
 1 1 0 1 0 0 0 0 1 0 1 1 1 0 0 1 1 0 1 0 1 0 0 0 0 1 1 0 0 1 0 0 0 0 0 0 0
 0 1 1 0 0 0 1 0 0 1 0 1 0 0 1 1 1 1 0 0 0 0 0 1 0 1 0 0 0 1 1 0 0 0 1 1 0
 1 1 0 0 1 1 1 0 1 0 0 0 0 1 1 1 0 0 0 0 0 1 0 1 0 0 1 0 1 1 0 0 0 0 0 1 1
 0 1 1 1 1 0 0 0 1 1 0 1 1 1 1 0 1 1 0 0 0 1 0 0 0 0 1 1 0 1 1 0 0 1 0 0 1
 1 1 1 0 1 1 1 0 1 1 0 0 1 1 1 1 1 0 0 0 0 1 0 1]  1
  [0 1 0 1 0 1 0 0 1 0 1 0 1 1 1 1 1 0 1 0 0 1 1 0 1 1 1 0 1 0 0 0 0 1 0 0 0
 0 0 0 1 0 1 0 1 0 1 0 0 0 1 0 1 0 1 0 0 0 1 1 1 1 1 1 1 0 0 0 0 1 1 1 1 0
 0 1 1 1 1 1 1 0 0 0 1 0 0 1 0 1 0 0 1 0 1 0 1 0 0 0 0 0 1 1 0 1 1 0 1 0 0
 1 0 1 1 1 0 1 1 1 0 1 1 0 0 1 0 1 0 0 1 1 1 1 1 0 1 1 1 0 0 0 1 0 0 1 1 1
 1 1 0 1 0 0 0 0 1 0 0 1 1 0 0 1 1 0 1 0 1 0 0 0 0 1 1 1 0 1 0 0 0 0 0 0 0
 0 1 1 0 0 0 1 0 0 1 0 1 0 0 1 1 1 1 0 0 0 0 0 1 0 1 0 0 0 1 1 0 0 0 1 1 0
 1 1 0 0 1 1 1 0 1 0 0 0 0 1 1 1 0 0 0 0 0 1 0 1 0 0 1 0 1 1 1 0 0 0 0 1 1
 0 1 1 1 1 0 0 0 1 1 0 1 1 1 1 0 1 1 0 0 0 1 0 0 0 1 1 1 0 1 1 0 0 1 0 0 1
 1 1 1 0 1 1 1 0 1 1 0 0 1 1 1 1 1 0 0 0 0 1 0 1]  1
  [0 1 0 1 0 1 0 0 1 0 1 0 1 1 1 1 1 0 1 0 0 1 1 0 1 1 1 0 1 0 0 0 0 1 0 0 0
 0 0 0 1 0 1 0 1 0 1 0 0 0 1 0 1 0 0 0 0 0 1 1 1 1 1 1 1 0 0 0 0 1 1 1 1 0
 0 1 1 1 1 1 1 0 1 0 1 0 0 1 0 1 0 0 1 1 1 0 1 0 0 0 0 0 1 1 0 1 1 0 1 0 0
 1 0 1 1 1 0 1 1 1 0 1 1 0 0 1 0 1 0 0 1 1 1 1 1 0 1 0 1 0 0 0 1 0 0 1 1 1
 1 1 0 1 0 0 0 0 1 0 0 1 1 0 0 1 1 0 1 0 1 0 0 0 0 1 1 0 0 1 0 0 0 1 0 0 0
 0 1 1 0 0 0 1 0 0 1 0 1 0 0 1 1 1 1 0 0 0 0 0 1 0 1 0 0 0 1 1 0 0 0 1 1 0
 1 1 0 0 1 1 1 0 1 0 0 1 0 1 1 1 0 0 0 0 0 1 0 1 0 0 1 0 1 1 0 0 0 0 0 1 1
 0 1 1 1 1 0 0 0 1 1 0 1 1 1 1 0 1 1 0 0 0 1 0 0 0 1 1 1 0 1 1 0 0 1 0 0 1
 1 1 1 0 1 1 1 0 1 1 0 0 1 1 1 1 1 0 0 0 0 1 0 1]  1
  [0 1 0 1 0 1 0 0 1 0 1 0 1 1 1 1 1 0 1 0 0 1 1 0 1 1 1 0 1 0 0 0 0 1 0 0 0
 0 0 0 1 0 1 0 1 0 1 0 0 0 1 0 1 0 0 0 0 0 1 1 1 1 1 1 1 0 0 0 0 1 1 1 1 0
 0 1 1 1 1 1 1 0 0 0 1 0 0 1 0 1 0 0 1 1 1 0 1 0 0 0 0 0 1 1 0 1 1 0 1 0 0
 1 0 1 1 1 0 1 1 1 0 1 1 0 0 1 0 1 0 1 1 1 1 1 1 0 1 1 1 0 0 0 1 0 0 1 1 1
 1 1 0 1 0 0 0 0 1 0 0 1 1 0 0 1 1 0 1 0 1 0 0 0 0 1 1 0 0 1 0 0 0 0 0 0 0
 0 1 1 0 0 0 1 0 0 1 0 1 0 0 1 1 1 1 0 0 0 0 0 1 0 1 0 0 0 1 1 0 0 0 1 1 0
 1 1 0 0 1 1 1 0 1 0 0 1 0 1 1 1 0 0 0 0 0 1 0 1 0 0 1 0 1 1 0 0 0 0 0 1 1
 0 1 1 1 1 0 0 0 1 1 0 1 1 1 1 0 1 1 0 0 0 1 0 0 0 1 1 1 0 1 1 0 0 1 0 0 1
 1 1 1 0 1 1 1 0 1 1 0 0 1 1 1 1 1 0 0 0 0 1 0 1]  1
  [0 1 0 1 0 1 0 0 1 0 1 1 1 1 1 1 1 0 1 0 0 1 1 0 1 1 1 0 1 1 0 0 0 1 0 0 0
 0 1 0 1 0 1 0 1 0 1 0 0 0 1 0 1 0 0 0 0 0 1 1 1 1 1 1 1 0 0 0 0 1 1 1 1 0
 0 1 1 1 1 1 1 0 0 0 1 0 0 1 0 1 0 0 1 1 1 0 1 0 0 0 1 0 1 1 0 1 1 0 1 0 0
 1 0 1 1 1 0 1 1 1 0 1 1 0 0 1 0 1 0 1 1 1 1 1 1 0 1 1 1 0 0 1 1 0 0 1 1 1
 1 1 0 1 0 0 0 0 1 0 0 1 1 0 0 1 1 0 1 0 1 0 0 0 0 1 1 0 0 1 0 0 0 0 0 0 0
 0 1 1 0 0 0 1 0 0 1 0 1 0 0 1 1 1 1 0 0 0 0 0 1 0 1 0 0 0 1 1 0 0 0 1 1 0
 1 1 0 0 1 1 1 0 1 0 0 0 0 1 1 1 0 0 0 0 0 1 0 1 0 0 1 0 1 1 0 0 0 0 0 1 1
 0 1 1 1 1 0 0 0 1 1 0 1 1 1 1 0 1 1 0 0 0 1 0 1 0 0 1 1 0 1 1 0 0 1 0 0 1
 1 1 1 0 1 1 1 0 1 1 0 0 0 1 1 1 1 0 0 0 0 1 0 1]  1
  [0 1 0 1 0 1 0 0 1 0 1 1 1 1 1 1 1 0 1 0 0 1 1 0 1 1 1 0 1 1 0 0 0 0 0 0 0
 0 0 0 1 0 1 0 1 0 1 0 0 0 1 0 1 0 0 0 0 0 1 1 1 1 1 1 1 0 0 0 0 1 1 1 1 0
 0 1 1 1 1 1 1 0 0 0 1 0 0 1 0 1 0 0 1 1 1 0 1 0 0 0 1 0 1 1 0 1 1 0 1 0 0
 1 0 1 1 1 0 1 1 1 0 1 1 0 0 1 0 1 0 1 1 1 1 1 1 0 1 1 1 0 0 0 1 0 0 1 1 1
 1 1 0 1 0 0 1 0 1 0 0 1 1 0 0 1 1 0 1 0 1 0 0 0 1 1 1 0 0 1 0 0 0 0 0 0 0
 0 1 1 0 0 0 1 0 0 1 0 1 0 0 1 1 1 1 0 0 0 0 0 1 0 1 0 0 0 1 1 0 0 0 1 1 0
 1 1 0 0 1 1 1 0 1 0 0 0 0 1 1 1 0 0 0 0 0 1 0 1 0 0 1 0 1 0 0 0 0 0 0 1 1
 0 1 1 1 1 0 0 0 1 1 0 1 1 1 1 0 1 1 0 0 0 1 0 0 0 0 1 1 0 1 1 0 0 1 0 0 1
 1 1 1 0 1 1 1 0 1 1 0 0 1 1 1 1 1 0 0 0 0 1 0 1]  1
  [0 1 0 1 0 1 0 0 1 0 1 1 1 1 1 1 1 0 1 0 0 1 1 0 1 1 1 0 1 1 0 0 0 1 0 0 0
 0 0 0 1 0 1 0 1 0 1 0 0 0 1 0 1 0 0 0 0 0 1 1 1 1 1 1 1 0 0 0 0 1 1 1 1 0
 0 0 1 1 1 1 1 0 0 1 1 0 0 1 0 1 0 0 1 1 1 0 1 0 0 0 1 0 1 1 0 1 1 0 1 0 0
 1 0 1 1 1 0 1 1 1 0 1 1 0 0 1 0 1 0 1 1 1 1 1 1 0 1 1 1 0 0 0 1 0 0 1 1 1
 1 1 0 1 0 0 0 0 1 0 0 1 1 0 0 1 1 0 1 0 1 0 0 0 0 1 1 0 0 1 0 0 0 0 0 0 0
 0 1 1 0 0 0 1 0 0 1 0 1 0 0 1 1 1 1 0 0 0 0 0 1 0 1 0 0 0 1 1 0 0 0 1 1 0
 1 1 0 0 1 1 1 0 1 0 0 0 0 1 1 1 0 0 0 0 0 1 0 1 0 0 1 0 1 1 0 0 0 0 0 1 1
 0 1 1 1 1 0 0 0 1 1 0 1 1 1 1 0 1 1 0 0 0 1 0 0 0 0 1 1 0 1 1 0 0 1 0 0 1
 1 1 1 0 1 1 1 0 1 1 0 0 1 1 1 1 1 0 0 0 0 1 0 1]  1
  [0 1 0 1 0 1 0 0 1 0 1 1 1 1 1 1 1 0 1 0 0 1 1 0 1 1 1 0 1 1 0 0 0 1 0 0 0
 0 0 0 1 0 1 0 1 0 1 0 0 0 1 0 1 0 0 0 0 0 1 1 1 1 1 1 1 0 0 0 0 1 1 1 1 0
 0 1 1 1 1 1 1 0 0 0 1 0 0 1 0 1 0 0 1 1 1 0 1 0 0 0 1 0 1 1 0 1 1 0 1 0 0
 1 0 1 1 1 0 1 1 1 0 1 1 0 0 1 0 1 0 1 1 1 1 1 1 1 1 1 1 0 0 0 1 0 0 1 1 1
 1 1 0 1 0 0 0 0 1 0 0 1 1 0 0 1 1 0 1 0 1 0 1 0 0 1 1 0 0 1 0 0 0 0 0 0 0
 0 1 1 0 0 0 1 0 0 1 0 1 1 0 1 1 1 1 0 0 0 0 0 1 0 1 0 0 0 1 1 0 0 0 1 1 0
 1 1 0 0 1 1 1 0 1 0 0 0 0 1 1 1 0 0 0 0 0 1 0 0 0 0 1 0 1 1 0 0 0 0 0 1 1
 0 1 1 1 1 0 0 0 1 1 0 1 1 1 1 0 1 1 0 0 0 0 0 0 0 0 1 1 0 1 1 0 0 1 0 0 1
 1 1 1 0 0 1 1 0 1 1 0 0 1 1 1 1 1 0 0 0 0 1 0 1]  1
  [0 1 0 1 0 1 0 0 1 0 1 1 1 1 1 1 1 0 1 0 0 1 1 0 1 1 1 0 1 1 0 0 0 1 0 0 0
 0 0 0 1 0 1 0 1 0 1 0 0 0 1 0 1 0 0 0 0 0 1 1 1 1 1 1 1 0 0 0 0 1 1 1 1 0
 0 1 1 1 1 1 1 0 0 0 1 0 0 1 0 1 0 0 1 1 1 0 1 0 0 0 1 0 1 1 0 1 1 0 1 0 0
 1 0 1 1 1 0 1 1 1 0 1 1 0 0 1 0 1 0 1 1 1 1 1 1 0 1 1 1 0 0 0 1 0 0 1 1 1
 1 0 0 1 0 0 0 0 1 0 0 1 1 0 0 1 1 0 1 0 1 0 0 0 0 1 1 0 0 1 0 0 0 0 0 0 0
 0 1 1 0 0 0 1 0 0 1 0 1 0 0 1 1 1 1 0 0 0 0 0 1 0 1 0 0 0 1 1 0 0 0 1 1 0
 1 1 0 0 1 1 1 0 1 0 0 0 0 1 1 1 0 0 0 0 0 1 0 1 0 0 1 0 1 1 0 0 0 0 0 1 1
 0 1 1 1 1 0 0 0 1 1 0 1 1 1 1 0 1 1 0 0 0 1 0 0 0 0 1 1 0 1 1 0 0 1 0 0 1
 1 1 1 0 1 1 1 0 1 1 0 0 1 1 1 1 1 0 0 0 0 1 0 1]  1
  [0 1 0 1 0 1 0 0 1 0 0 0 1 1 1 1 1 0 1 0 0 1 1 0 1 1 1 0 1 0 0 0 0 1 0 0 0
 0 0 0 1 0 1 0 1 0 1 0 0 0 1 0 1 0 0 0 0 0 1 1 1 1 1 1 1 0 0 0 0 1 1 1 1 0
 0 1 1 1 1 1 1 0 0 0 1 0 0 1 0 1 0 0 1 1 1 0 1 0 0 0 0 0 1 1 0 1 1 0 1 0 0
 1 0 1 1 1 0 1 1 1 0 1 1 0 0 1 0 1 0 0 1 1 1 1 1 0 1 1 1 0 0 0 1 0 0 1 1 0
 1 1 0 1 0 0 0 0 1 0 0 1 1 0 0 1 1 0 1 0 1 0 0 0 0 1 1 0 0 1 0 0 0 0 0 0 0
 0 1 1 0 0 0 1 0 0 1 0 1 0 0 1 1 1 1 0 0 0 0 0 1 0 1 0 0 0 1 1 0 0 0 1 1 0
 1 1 0 0 1 1 1 0 1 0 0 1 0 1 1 1 0 0 0 0 0 1 0 1 0 0 1 0 1 1 0 0 0 0 0 1 1
 0 1 1 1 1 0 0 0 1 1 0 1 1 1 1 0 1 1 0 0 0 1 0 0 0 1 1 1 0 1 1 0 0 1 0 0 1
 1 1 1 0 1 1 1 0 1 1 0 0 1 1 1 1 1 0 0 0 0 1 0 1]  1
  [1 1 0 1 0 1 0 0 1 0 1 1 1 1 1 1 1 0 1 0 0 1 1 0 1 1 1 0 1 1 0 0 0 1 0 0 0
 0 0 0 1 0 1 0 1 0 1 0 0 0 1 0 1 0 0 0 0 0 1 1 1 1 1 1 1 0 0 0 0 1 1 1 1 0
 0 1 1 1 1 1 1 0 0 0 1 0 0 1 0 1 0 0 1 1 1 0 1 0 0 0 1 0 1 1 0 1 1 0 1 0 0
 1 0 1 1 1 0 1 1 1 0 1 1 0 0 1 0 1 0 1 1 1 1 1 1 1 1 1 1 0 0 0 1 0 0 1 1 1
 1 1 0 1 0 0 0 0 1 0 0 1 1 0 0 1 1 0 1 0 1 0 0 0 0 1 1 0 0 1 0 0 0 0 0 0 0
 0 1 1 0 0 0 1 0 0 1 0 1 0 0 1 1 1 1 0 0 0 0 0 1 0 1 0 0 0 1 1 0 0 0 1 1 0
 1 1 0 0 1 1 1 0 1 0 0 0 0 1 1 1 0 0 0 0 0 1 0 1 0 0 1 0 1 1 0 0 0 0 0 1 1
 0 1 1 1 1 0 0 0 1 1 0 1 1 1 1 0 1 1 0 0 0 1 0 0 0 0 1 1 0 1 1 0 0 1 0 0 1
 1 1 1 0 1 1 1 0 1 1 0 0 1 1 1 1 1 0 0 0 0 1 0 1]  1
  [0 1 0 1 0 1 0 0 1 0 1 0 1 1 1 1 1 0 1 0 0 1 1 0 1 1 1 0 1 0 0 0 0 1 0 0 0
 0 0 0 1 0 1 0 1 0 1 0 0 0 1 0 1 0 0 0 0 0 1 1 1 1 1 1 1 0 0 0 0 1 1 1 1 0
 0 1 1 1 1 1 1 0 0 0 1 0 0 1 0 1 0 0 1 1 1 0 1 0 0 0 0 0 1 1 0 1 1 0 1 0 0
 1 0 1 1 1 0 1 1 1 0 1 1 0 0 1 0 1 0 0 1 1 0 1 1 0 1 1 1 0 0 0 1 0 0 1 1 1
 1 1 0 1 0 0 0 0 1 0 0 1 1 0 0 1 1 0 1 0 1 0 0 0 0 1 1 0 0 1 0 0 0 0 0 0 0
 0 1 1 0 0 0 1 0 0 1 0 1 0 0 1 1 1 1 0 0 0 0 0 1 0 1 0 0 0 1 1 0 0 0 1 1 0
 1 1 0 0 1 1 1 0 1 0 0 1 0 1 1 1 0 0 0 0 0 1 0 1 0 0 1 0 1 1 0 0 0 0 0 1 1
 0 1 1 1 1 0 0 0 1 1 1 1 1 1 1 0 1 1 0 0 0 1 0 0 0 1 1 1 0 1 1 0 0 0 0 0 1
 1 1 1 0 1 1 1 0 1 1 0 0 1 1 1 1 1 0 0 0 0 1 0 1]  1
  [0 1 0 1 0 1 1 0 1 0 1 0 1 1 1 1 1 0 1 0 0 1 1 0 1 1 1 0 1 0 0 0 0 1 0 0 0
 0 0 0 1 0 1 0 1 0 1 0 0 0 1 0 1 0 0 0 0 0 1 1 1 1 1 1 1 0 0 0 0 1 1 1 1 0
 0 1 1 1 1 1 1 0 0 0 1 0 1 1 0 1 0 0 1 1 1 0 1 0 0 0 0 0 1 1 0 1 1 0 1 0 0
 1 0 1 1 1 0 1 1 1 0 1 1 0 0 1 0 1 0 0 1 1 1 1 1 0 1 1 1 0 0 0 1 0 0 1 1 1
 1 1 0 1 0 0 0 0 1 0 0 1 1 0 0 1 1 0 1 0 1 0 0 0 0 1 1 0 0 1 0 0 0 0 0 0 0
 0 1 1 0 0 0 1 0 0 1 0 1 0 0 1 1 1 1 0 0 0 0 0 1 0 1 0 0 0 1 1 0 0 0 1 1 0
 1 1 0 0 1 1 1 0 1 0 0 1 0 1 1 1 0 0 0 0 0 1 1 1 0 0 1 0 1 1 0 0 0 0 0 1 1
 0 1 1 1 1 0 0 0 1 1 0 1 1 1 1 0 1 1 0 0 0 1 0 0 0 1 1 1 0 1 1 0 0 1 0 0 1
 1 1 1 1 1 1 1 0 1 1 0 0 1 1 1 1 1 0 0 0 0 1 0 1]  1
  [0 1 0 1 0 1 0 0 1 0 1 1 1 1 1 1 1 0 1 0 0 1 1 0 1 1 1 0 1 1 0 0 0 1 0 0 0
 0 0 0 1 0 1 0 1 0 1 0 0 0 1 0 1 0 0 0 0 0 1 1 1 1 1 1 1 1 0 0 0 1 1 1 1 0
 0 1 1 1 1 1 1 0 0 0 1 0 0 1 0 1 0 0 1 1 1 1 1 0 0 0 1 0 1 1 0 1 1 0 1 0 0
 1 0 1 1 1 0 1 1 1 0 1 1 0 0 1 0 1 0 1 1 1 1 1 1 0 1 1 1 0 0 0 1 0 0 1 1 1
 1 1 0 1 0 0 0 0 1 0 0 1 1 0 0 1 1 0 1 0 1 0 0 0 0 1 1 0 0 1 0 0 0 0 0 0 0
 0 1 1 0 0 0 1 0 0 1 0 1 0 0 1 1 1 1 0 0 0 0 0 1 0 1 0 0 0 1 1 0 0 0 1 1 0
 1 1 0 0 1 1 1 0 1 0 0 0 0 1 0 1 0 0 0 0 0 1 0 0 0 0 1 0 1 1 0 0 0 0 0 1 1
 0 1 1 1 1 0 0 0 1 1 0 1 1 1 1 0 1 1 0 0 0 1 0 0 0 0 1 1 0 1 1 0 0 1 0 0 1
 1 1 1 0 1 1 1 0 1 1 0 0 1 1 1 1 1 0 0 0 0 1 0 1]  1
  [0 1 0 1 0 1 0 0 1 0 1 1 1 1 1 1 1 0 1 0 0 1 1 0 1 1 1 0 1 1 0 0 0 1 0 0 0
 0 0 0 1 1 1 0 1 0 1 0 0 0 1 0 1 0 0 0 0 0 1 1 1 1 1 1 1 0 0 0 0 1 1 1 1 0
 0 1 1 1 1 1 1 0 0 0 1 0 0 1 0 1 0 0 1 1 1 0 1 0 0 0 1 0 1 1 0 1 1 0 1 0 0
 1 0 1 1 1 0 1 1 1 0 1 1 0 0 1 0 1 0 1 1 1 1 1 1 0 1 1 1 0 0 0 1 0 0 1 1 1
 1 1 0 1 0 0 0 0 1 0 0 1 1 0 0 1 1 0 1 0 1 0 0 0 0 1 1 0 0 1 0 0 0 0 0 0 0
 0 1 1 0 0 0 1 0 0 1 0 1 0 0 1 1 1 1 0 0 0 1 0 1 0 1 0 0 0 1 1 0 0 0 1 1 0
 1 1 0 0 1 1 1 0 1 0 0 0 0 1 1 1 0 0 0 0 0 1 0 1 0 0 1 0 1 1 0 0 0 0 0 1 1
 0 1 1 1 1 0 0 0 1 1 0 1 1 1 1 0 1 1 0 0 0 1 0 0 0 0 1 1 0 1 1 0 0 1 0 0 1
 1 1 1 0 1 1 1 0 1 1 0 0 1 1 1 1 1 0 0 0 0 1 0 1]  1
  [0 1 0 1 0 1 0 0 1 0 1 1 1 1 1 1 1 0 1 0 0 1 1 0 1 1 1 0 1 1 0 0 0 1 0 0 0
 0 0 0 1 0 1 0 1 0 1 0 0 0 1 0 1 0 0 0 0 0 1 1 1 1 1 1 1 0 0 0 0 1 1 1 1 0
 0 1 1 1 1 1 1 0 0 0 1 0 0 1 0 1 0 0 1 1 1 0 1 0 0 0 1 0 1 1 0 1 1 0 0 0 0
 1 0 1 1 1 0 1 1 1 0 1 1 0 0 1 0 1 0 1 1 1 1 1 1 0 1 1 1 0 0 0 1 0 0 1 1 1
 1 1 0 1 0 0 0 0 1 0 0 1 1 0 0 1 1 0 1 0 1 0 0 0 0 1 1 0 0 1 0 0 0 0 0 0 1
 0 1 1 0 0 0 1 0 0 1 0 1 0 0 1 1 1 1 0 0 0 0 0 1 0 1 0 0 0 1 1 0 0 0 1 1 0
 1 1 0 0 1 1 1 0 1 0 0 0 0 1 1 1 0 0 0 0 0 1 0 1 0 0 1 0 1 1 0 0 0 0 0 1 1
 0 1 1 1 1 0 0 0 1 1 0 1 1 1 1 0 1 1 0 0 0 1 0 0 0 0 1 1 0 1 1 0 0 1 1 0 1
 1 1 1 0 1 1 1 0 1 1 0 0 1 1 1 1 1 0 0 0 0 1 0 1]  1
  [0 1 0 1 0 1 0 0 1 0 1 1 1 1 1 1 1 0 1 1 0 1 1 0 1 1 1 0 1 1 0 0 0 1 0 0 0
 0 0 0 1 0 1 0 1 0 1 0 0 0 1 0 1 0 0 0 0 0 1 1 1 1 1 1 1 0 0 0 0 1 1 1 1 0
 0 1 1 1 1 1 1 0 0 0 1 0 0 1 0 1 0 0 1 1 1 0 1 0 0 0 1 0 1 1 0 1 1 0 1 0 0
 1 1 1 1 1 0 1 1 1 0 1 1 0 0 1 0 1 0 1 1 1 1 1 1 0 1 1 1 0 0 0 1 0 0 1 1 1
 1 1 0 1 0 0 0 0 1 0 0 1 1 0 0 1 1 0 1 0 1 0 0 0 0 1 1 0 0 1 0 0 0 0 0 0 0
 0 1 1 0 0 0 1 0 0 1 0 1 0 0 1 1 1 1 0 0 0 0 0 1 0 1 0 0 0 1 1 0 0 0 1 1 0
 1 1 0 0 1 1 1 0 1 0 0 0 0 1 1 1 0 0 0 0 0 1 0 1 0 0 1 0 1 1 0 0 0 0 0 1 1
 0 1 1 1 1 0 0 1 1 1 0 1 1 1 1 0 1 1 0 0 0 1 0 0 0 0 1 1 0 1 1 0 0 1 0 0 1
 1 1 1 0 1 1 1 0 1 1 0 0 1 1 1 1 1 0 0 0 0 1 0 1]  1
  [0 1 0 1 0 1 0 0 1 0 1 0 1 1 1 1 1 0 1 0 0 1 1 0 1 1 1 0 1 0 0 0 0 1 0 0 0
 0 0 0 1 0 1 0 1 0 1 0 0 0 1 0 1 0 0 0 0 0 1 1 1 1 1 1 1 0 0 0 0 1 1 1 1 0
 0 1 1 1 1 1 1 0 0 0 1 0 0 1 0 1 0 0 1 1 1 0 1 0 0 0 0 0 1 1 0 1 1 0 1 0 0
 1 0 1 1 1 0 1 1 1 0 1 1 0 0 1 0 1 0 0 1 1 1 1 1 0 1 1 1 0 0 0 1 0 0 1 1 1
 1 1 0 1 0 0 0 0 1 0 0 1 1 0 0 1 1 0 1 0 1 0 0 0 0 1 1 0 0 1 0 0 0 0 0 0 0
 0 1 1 0 0 0 1 0 0 1 0 1 0 0 1 1 1 1 0 0 0 0 0 1 0 1 0 0 0 1 1 0 0 0 1 1 0
 1 1 0 0 1 1 1 0 1 0 0 1 0 1 1 1 0 0 0 0 0 1 0 1 0 0 1 0 1 1 0 0 0 0 0 1 1
 0 1 1 1 1 0 0 0 1 1 0 1 1 1 1 0 1 1 0 0 0 1 0 0 0 1 1 1 0 1 1 0 0 1 0 0 1
 1 1 1 0 1 1 1 0 1 1 0 0 1 1 1 1 1 0 0 0 0 1 0 1]  1
  [0 1 0 1 0 1 0 0 1 0 1 1 1 1 1 1 1 0 1 0 0 1 1 0 1 1 1 1 1 1 0 0 0 1 0 0 0
 0 0 0 1 0 1 0 1 0 1 0 0 0 1 0 1 0 0 0 0 1 1 1 1 1 1 1 1 0 0 0 0 1 1 1 1 0
 0 1 1 1 1 1 1 0 0 0 1 0 0 1 0 1 0 0 1 1 1 0 1 0 0 0 1 0 1 1 0 1 1 0 1 0 0
 1 0 1 1 1 0 1 1 1 0 1 1 0 0 1 0 1 1 1 1 1 1 1 1 0 1 1 1 0 0 0 1 0 0 1 1 1
 1 1 0 1 0 0 0 0 1 0 0 1 1 0 0 1 1 0 1 0 1 0 0 0 0 1 1 0 0 1 0 0 0 0 0 0 0
 0 1 1 0 0 0 1 0 0 1 0 1 0 0 1 1 1 1 0 0 0 0 0 1 0 1 0 0 0 1 1 0 0 0 1 1 0
 1 1 0 0 1 1 1 0 1 0 0 0 0 1 1 1 0 0 0 0 0 1 0 1 0 0 1 0 1 1 0 0 0 0 0 1 1
 0 1 1 1 1 0 0 0 1 1 0 1 1 1 1 0 1 1 0 0 0 1 0 0 0 0 1 1 0 1 1 0 0 1 0 0 1
 1 1 1 0 1 1 1 0 1 1 0 0 1 1 1 1 1 0 0 0 0 1 0 1]  1
  [0 1 0 1 0 1 0 0 1 0 1 1 1 1 1 1 1 0 1 0 0 1 1 0 1 1 1 0 1 1 0 0 0 1 0 0 0
 0 0 0 1 0 1 0 1 0 1 0 0 0 1 0 1 0 0 0 0 0 1 1 1 1 1 1 1 0 0 0 0 1 1 1 1 0
 0 1 1 1 1 1 1 0 0 0 1 0 0 1 0 1 0 0 1 1 1 0 1 0 0 0 1 0 1 1 0 1 1 0 1 0 0
 1 0 1 1 1 0 1 1 1 0 1 1 0 0 1 0 1 0 1 1 1 1 1 1 0 1 1 1 0 0 0 1 0 0 1 1 1
 1 1 0 1 0 0 0 0 1 0 0 1 1 0 0 1 1 0 1 0 1 0 0 0 0 1 1 0 0 1 0 0 0 0 0 0 0
 0 1 1 0 0 0 1 0 0 1 0 1 0 0 1 1 1 1 0 0 0 0 0 1 0 1 0 0 0 1 1 0 0 0 1 1 0
 1 1 0 0 1 1 1 0 1 0 0 0 0 1 1 1 0 0 0 0 0 1 1 1 0 0 1 0 1 1 0 0 0 0 0 1 1
 0 1 1 1 1 0 0 0 1 1 0 1 1 1 1 0 1 1 0 0 0 1 0 0 0 0 1 1 0 1 1 0 0 1 0 0 1
 1 1 1 0 1 1 1 0 1 1 0 0 1 1 1 1 1 0 0 0 0 1 0 1]  1
  [0 1 0 1 0 1 0 0 1 0 1 1 1 1 1 1 1 0 1 0 0 1 1 0 1 1 1 0 1 1 0 0 0 1 0 0 0
 0 0 0 1 0 1 0 1 0 1 0 0 0 1 0 1 0 0 0 0 0 1 1 1 1 1 1 1 0 0 0 0 1 1 0 1 0
 0 1 1 1 1 1 0 0 0 0 1 0 0 1 0 1 0 0 1 1 1 0 1 0 0 0 1 0 1 1 0 1 1 0 1 0 0
 1 0 1 1 1 0 1 1 1 0 1 1 0 0 1 0 1 0 0 1 1 1 1 1 0 1 1 1 0 0 0 1 0 0 1 1 1
 1 1 0 1 0 0 0 0 1 0 0 1 1 0 0 1 1 0 1 0 1 0 0 0 0 1 1 0 0 1 0 0 0 0 0 0 0
 0 1 1 0 0 0 1 0 0 1 0 1 0 0 1 1 1 1 1 0 0 0 0 1 0 1 0 0 0 1 1 0 0 0 1 1 0
 1 1 0 0 1 1 1 0 1 0 0 0 0 1 1 1 0 0 0 0 0 1 0 1 0 0 1 0 1 1 0 0 0 0 0 1 1
 0 1 1 1 1 0 0 0 1 1 0 0 1 1 1 0 1 1 0 0 0 1 0 0 0 0 1 1 0 1 1 0 0 1 0 0 1
 1 0 1 0 1 1 1 0 1 1 0 0 1 1 1 1 1 0 0 0 0 1 0 1]  1
  [0 1 0 1 0 1 0 0 1 0 1 0 1 1 1 1 1 0 1 0 1 1 1 0 1 1 1 0 1 0 0 0 0 1 0 0 0
 0 0 0 1 0 1 0 1 0 1 0 0 0 1 0 1 0 0 0 0 0 1 1 1 1 1 1 1 0 0 0 0 1 1 1 1 0
 0 1 1 1 1 1 1 0 0 0 1 0 0 1 0 1 0 0 1 1 1 0 1 0 0 0 0 0 1 1 0 1 1 0 1 0 0
 1 0 1 1 1 0 1 1 1 0 1 1 0 0 1 0 1 0 0 1 1 1 1 1 0 1 1 1 0 0 0 1 0 0 1 1 1
 1 1 0 1 0 0 0 0 1 0 0 1 1 0 0 1 1 0 1 0 1 0 0 0 0 1 1 0 0 1 0 0 0 0 0 0 0
 0 1 1 0 0 0 1 0 0 1 0 1 0 0 1 1 1 1 0 0 0 0 0 1 0 1 0 0 0 1 1 0 0 0 1 1 0
 1 1 0 0 1 1 1 0 1 0 0 1 0 1 1 1 0 0 0 0 0 1 0 1 0 0 1 0 1 1 0 0 0 0 0 1 1
 0 1 1 1 1 0 0 0 1 1 0 1 1 1 1 0 1 1 0 0 0 1 0 0 0 1 1 1 0 1 1 0 0 1 0 0 1
 1 1 1 0 1 1 1 0 1 1 0 0 1 1 1 1 1 0 0 0 0 1 0 1]  1
  [0 1 0 1 0 1 0 0 1 0 1 0 1 1 1 1 1 0 1 0 0 1 1 0 1 1 1 0 1 0 0 0 0 1 0 0 0
 0 0 0 1 0 1 0 1 0 1 0 0 0 1 0 1 0 0 0 0 0 1 1 1 1 1 1 1 0 0 0 0 1 1 1 1 0
 1 1 1 1 1 1 1 1 0 0 1 0 1 1 0 1 0 0 1 1 0 0 1 0 0 0 0 0 1 1 0 1 1 0 1 0 0
 1 0 1 1 1 0 1 1 1 0 1 1 0 0 1 0 1 0 1 1 1 1 1 1 0 1 1 1 0 0 0 1 0 0 1 1 1
 1 1 0 1 0 0 0 0 1 0 0 1 1 0 0 1 1 0 1 0 1 0 0 0 0 1 1 0 0 1 0 0 0 0 0 0 0
 0 1 1 0 0 0 1 0 0 1 0 1 0 0 1 1 1 1 0 0 0 0 0 1 0 1 0 0 0 1 1 0 0 0 1 1 0
 1 1 0 0 1 1 1 0 1 0 0 1 0 1 1 1 0 0 0 0 1 1 0 1 0 0 1 0 1 1 0 0 0 0 0 1 1
 0 1 1 1 1 0 0 0 1 1 0 1 1 1 1 0 1 1 0 0 0 1 0 0 0 1 1 1 0 1 1 0 0 1 0 0 1
 1 1 1 0 1 1 1 0 1 1 0 0 1 1 1 1 1 0 0 0 0 1 0 1]  1
  [0 1 0 1 0 1 0 0 1 0 1 0 1 1 1 1 1 0 1 0 0 1 1 0 1 1 1 0 1 0 0 0 0 1 0 0 0
 0 0 0 1 0 1 0 1 0 1 0 0 0 1 0 1 0 0 0 0 0 1 1 1 1 1 1 1 0 0 0 0 1 1 1 1 0
 0 1 0 1 1 1 1 0 0 0 1 0 0 1 0 1 0 0 1 1 1 0 1 0 0 0 0 0 1 1 0 1 1 0 1 0 0
 1 0 1 1 1 0 1 1 1 0 1 1 0 0 1 0 1 0 0 1 1 0 1 1 0 1 1 1 0 0 0 1 0 0 1 1 1
 1 1 0 1 0 0 0 0 1 0 0 1 1 0 0 1 1 0 1 0 1 0 0 0 0 1 1 0 0 1 0 0 0 0 0 0 0
 0 1 1 0 0 0 1 0 0 1 0 1 0 0 0 1 1 1 0 0 0 0 0 1 0 1 0 0 0 1 1 0 0 0 1 1 0
 1 1 0 0 1 1 1 0 1 0 0 1 0 1 1 1 0 0 0 0 0 1 0 1 0 0 1 0 1 1 0 0 0 0 0 1 1
 0 1 1 1 1 0 0 0 1 1 0 1 1 1 1 0 1 1 0 0 0 1 0 0 0 1 1 1 0 1 1 0 0 1 0 0 1
 1 1 1 0 1 1 1 0 1 1 0 0 1 1 1 1 1 0 0 0 0 1 0 1]  1
  [0 1 0 1 0 1 0 0 1 0 1 1 1 1 1 1 1 0 1 0 0 1 1 0 1 1 1 0 1 1 0 0 0 1 0 0 0
 0 0 0 1 0 1 0 1 0 1 0 0 0 1 0 1 0 0 0 0 0 1 1 1 1 1 1 1 0 0 0 0 1 1 1 1 0
 0 1 1 1 1 1 1 0 0 0 1 0 0 1 0 1 0 0 1 1 1 0 1 0 0 0 1 0 1 1 0 1 1 0 1 0 0
 1 0 1 1 1 0 1 1 1 0 1 1 0 0 1 0 1 0 1 1 1 1 1 1 0 1 1 1 0 0 0 1 0 0 1 1 1
 1 1 0 1 0 0 0 0 1 0 0 1 1 0 0 1 1 0 1 0 1 0 0 0 0 1 1 0 0 1 0 0 0 0 0 0 0
 0 1 1 0 0 0 1 0 0 1 0 1 0 0 1 1 1 1 0 0 0 0 0 1 0 1 0 0 0 1 1 0 0 0 1 1 0
 1 1 0 0 1 1 1 0 1 0 0 0 0 1 1 1 0 0 0 0 0 1 0 1 0 0 1 0 1 1 0 1 0 0 0 1 1
 0 1 1 1 1 0 0 0 1 1 0 1 1 1 1 0 1 1 0 0 0 1 0 0 0 0 1 1 0 1 1 0 0 1 0 0 1
 1 1 1 0 1 1 1 0 1 1 0 0 1 1 1 1 1 0 0 0 0 1 0 1]  1
  [0 1 0 1 0 1 0 0 1 0 1 1 1 1 1 1 1 0 1 0 0 1 1 0 1 1 1 0 1 1 0 0 0 1 0 0 0
 0 0 1 1 0 0 0 1 0 1 0 0 0 1 0 1 0 0 0 0 0 1 1 1 1 1 1 1 0 0 0 0 1 1 1 1 0
 0 1 1 1 1 1 1 0 0 0 1 0 1 1 0 1 0 0 1 1 1 0 1 0 0 0 1 0 1 1 0 1 1 0 1 0 0
 1 0 1 1 1 0 1 1 1 0 1 1 0 0 1 0 1 0 1 1 1 1 1 1 0 1 1 1 0 0 0 1 0 0 1 1 1
 1 1 0 1 0 0 0 0 1 0 0 1 1 0 0 1 1 0 1 0 1 0 0 0 0 1 1 0 0 1 0 0 0 0 0 0 0
 0 1 1 0 0 1 1 0 0 1 0 1 0 0 1 1 1 1 0 0 0 0 0 1 0 1 0 0 0 1 1 0 0 0 1 1 0
 1 1 0 0 1 1 1 0 1 0 0 0 0 1 1 1 0 0 0 0 0 1 0 1 0 0 1 0 1 1 0 0 0 0 0 1 1
 0 1 1 1 1 0 0 0 1 1 0 1 1 1 1 0 1 1 0 0 0 1 0 0 0 0 1 1 0 1 1 0 0 1 0 0 1
 1 1 1 0 1 1 1 0 1 1 0 0 1 1 1 1 1 0 0 0 0 1 0 1]  1
  [0 1 0 1 0 1 0 0 1 0 1 0 1 1 1 1 1 0 1 0 0 1 1 0 1 1 1 0 1 0 0 0 0 1 0 0 0
 0 0 0 1 0 1 0 1 0 1 0 0 0 1 0 1 0 0 0 0 0 1 1 1 1 1 1 1 0 0 0 0 1 1 1 1 0
 0 1 1 1 1 1 1 0 0 0 1 0 0 1 0 1 0 0 1 1 1 0 1 0 0 0 0 0 1 1 0 1 1 0 1 0 0
 1 0 1 1 1 0 1 1 1 0 1 1 0 0 1 0 1 0 0 1 0 1 1 1 0 1 1 1 0 0 0 1 0 0 1 1 1
 1 1 0 1 0 0 0 0 1 0 0 1 1 0 0 1 1 0 1 0 1 0 0 0 0 1 1 0 0 1 0 0 0 0 0 0 0
 0 1 1 0 0 0 1 0 0 1 0 1 0 0 1 1 1 1 0 0 0 0 0 1 0 1 0 0 0 0 1 0 0 0 1 1 0
 1 1 0 0 0 1 1 0 1 0 0 1 0 1 1 1 0 0 0 0 0 1 0 1 0 0 1 0 1 1 0 0 0 0 0 1 1
 0 1 1 1 1 0 0 0 1 1 0 1 1 1 1 0 1 1 0 0 0 1 0 0 0 1 1 1 0 1 1 0 0 1 0 0 1
 1 1 1 0 1 1 1 0 1 1 0 0 1 1 1 1 1 0 0 0 0 1 0 1]  1
  [0 1 0 1 0 1 0 0 1 0 1 1 1 1 1 1 1 0 1 0 0 1 1 0 1 1 1 0 1 1 0 0 0 1 0 0 0
 0 0 0 1 0 1 0 1 0 1 0 0 0 1 0 1 0 0 0 0 0 1 1 1 1 1 1 1 0 0 0 0 1 1 1 1 0
 0 1 1 1 1 1 1 0 0 0 1 0 0 1 0 1 0 0 1 1 1 0 1 0 0 0 1 0 1 1 0 1 1 0 1 0 0
 1 0 1 1 1 0 1 1 1 0 1 1 0 0 1 0 1 0 1 1 1 1 1 1 0 1 1 1 0 0 0 1 0 0 1 1 1
 1 1 0 1 0 0 0 0 1 0 0 1 1 0 0 1 1 0 1 0 1 0 0 0 0 1 1 0 0 1 0 0 0 0 0 0 0
 0 1 1 0 0 0 1 0 0 1 0 1 0 0 1 1 1 1 0 0 0 0 0 1 0 1 0 0 0 1 1 0 0 0 1 1 0
 1 1 0 0 1 1 1 0 1 0 0 0 0 1 1 1 0 0 0 0 0 1 0 1 0 0 1 0 1 1 0 0 0 0 0 1 1
 0 1 1 1 1 0 0 0 1 1 0 1 1 1 1 0 1 1 0 0 0 1 0 0 0 0 1 1 0 1 1 0 0 1 0 0 1
 1 1 1 0 1 1 1 0 1 1 0 0 1 1 1 1 1 0 0 0 0 1 0 1]  1
  [0 1 0 1 0 1 0 0 1 0 1 1 1 1 1 1 1 0 1 0 0 1 1 0 1 1 1 0 1 1 0 0 0 1 0 0 0
 0 0 0 1 0 1 0 1 0 1 0 0 0 1 0 1 0 0 0 0 0 1 1 1 1 1 1 1 0 0 0 0 1 1 1 1 0
 0 1 1 1 1 1 1 0 0 0 1 0 0 1 0 1 0 0 1 1 1 0 1 0 0 0 1 0 1 1 0 1 1 0 1 0 0
 1 0 1 1 1 0 1 1 1 0 1 1 0 0 1 0 1 0 1 1 1 1 1 1 0 1 0 1 0 0 0 1 0 0 1 1 1
 1 1 0 1 0 0 0 0 1 0 0 1 1 0 0 1 1 0 1 0 1 0 0 0 0 1 1 0 0 1 0 0 0 0 0 0 0
 0 1 1 0 0 0 1 0 0 1 0 1 0 0 1 1 1 1 0 0 0 0 0 1 0 1 0 0 0 1 1 0 0 0 1 1 0
 1 1 0 1 1 1 1 0 1 0 0 0 0 1 1 1 0 0 0 0 0 1 0 1 0 0 1 0 0 1 0 0 0 0 0 1 1
 0 1 1 1 1 0 0 0 1 1 0 1 1 1 1 0 1 1 0 0 0 1 0 0 0 0 1 1 0 1 1 0 0 1 0 0 1
 1 1 1 0 1 1 1 0 1 1 0 0 1 1 1 1 1 0 0 0 0 1 0 1]  1
  [0 1 0 1 0 1 0 0 1 0 1 0 1 1 1 1 1 0 1 0 0 1 1 0 1 1 1 0 1 0 0 0 0 1 0 0 0
 0 0 0 1 0 1 0 1 0 1 0 0 0 1 0 1 0 0 0 0 0 1 1 1 1 1 1 1 0 0 0 0 1 1 1 1 0
 0 1 1 1 1 1 1 0 0 0 1 0 0 1 0 1 0 0 1 1 1 0 1 0 0 0 0 0 1 1 0 1 1 0 1 0 0
 1 0 1 1 1 0 1 1 1 0 1 1 0 0 1 0 1 1 0 1 1 1 1 1 0 1 1 1 0 0 0 1 0 0 1 1 1
 1 1 0 1 0 0 0 0 1 0 0 1 1 0 0 1 1 0 1 0 1 0 0 0 0 1 0 0 0 1 0 0 0 0 0 0 0
 0 1 1 0 0 0 1 0 0 1 0 1 0 0 1 1 1 1 0 0 0 0 0 1 0 1 0 0 0 1 1 0 0 0 1 1 0
 1 1 0 0 1 1 1 0 1 0 0 1 0 1 1 1 0 0 0 0 0 1 0 1 0 0 1 0 1 1 0 0 0 0 0 1 1
 0 1 1 1 1 0 0 0 1 1 0 1 1 1 1 0 1 1 0 0 0 1 0 0 0 1 1 1 0 1 1 0 0 1 0 0 1
 1 1 1 0 1 1 1 0 1 1 0 0 1 1 1 1 1 0 0 0 0 1 0 1]  1
  [0 1 0 1 0 1 0 0 1 1 1 0 1 1 1 1 1 0 1 0 0 1 1 0 1 1 1 0 1 1 0 0 0 1 0 0 0
 0 0 0 1 0 1 0 0 0 1 0 0 0 1 0 1 0 0 0 0 0 1 1 1 1 1 1 1 0 0 0 0 1 1 1 1 0
 1 1 1 1 1 1 1 0 0 0 1 0 0 1 0 1 0 0 1 1 1 0 1 0 0 0 1 0 1 1 0 1 1 0 1 0 0
 1 0 1 1 1 0 1 1 1 0 1 1 0 0 1 0 1 0 1 1 1 1 1 1 0 1 1 1 0 1 0 1 0 0 1 1 1
 1 1 0 1 0 0 0 0 1 0 0 1 1 0 0 1 1 0 1 0 1 0 0 0 0 1 1 0 0 1 0 0 0 0 0 0 0
 0 1 1 0 0 0 1 1 0 1 0 1 0 0 1 1 0 1 0 0 0 0 1 1 0 1 0 0 0 1 1 0 0 0 0 1 0
 1 1 0 0 1 1 1 0 1 0 0 0 0 1 1 1 0 1 0 0 0 1 0 1 0 0 1 0 1 1 0 0 0 0 0 1 1
 0 1 1 1 1 0 0 0 1 1 0 1 1 1 1 0 1 1 0 0 0 1 0 0 0 1 1 1 0 1 1 0 0 1 0 0 1
 1 1 1 0 1 1 1 0 1 1 0 0 1 1 1 1 1 0 0 0 0 1 0 1]  1
  [0 1 0 1 0 1 0 0 1 0 1 0 1 1 1 1 1 0 1 0 0 1 1 0 1 1 1 0 1 1 0 0 0 1 0 0 0
 0 0 0 1 0 1 0 1 0 1 0 0 0 1 0 1 0 0 0 0 0 1 1 1 1 1 1 1 0 0 0 0 0 1 1 1 0
 1 1 1 1 1 1 1 0 0 0 1 0 0 1 0 1 0 0 1 1 1 0 1 0 0 0 1 0 1 1 0 1 1 0 1 0 0
 1 0 1 1 1 0 1 1 1 0 1 1 0 0 1 0 1 0 1 1 1 1 1 1 0 1 1 1 0 1 0 1 0 0 1 1 1
 1 1 0 1 0 0 0 0 1 0 0 1 1 0 0 1 1 0 1 0 1 0 0 0 0 1 1 0 0 1 0 0 0 0 0 0 0
 0 1 1 0 0 0 1 0 0 1 0 1 0 0 1 1 0 1 0 0 0 0 1 1 0 1 0 0 1 1 1 0 0 0 0 1 0
 1 1 0 0 1 1 1 0 1 0 0 0 0 1 1 1 0 1 0 0 0 1 0 1 0 0 1 0 1 1 0 0 0 0 0 1 0
 0 1 1 1 1 0 0 0 1 1 0 1 1 1 1 0 1 1 0 0 0 1 0 0 0 1 1 1 1 1 1 0 0 1 0 0 1
 1 1 1 0 1 1 1 0 1 1 0 0 1 1 1 1 1 0 0 0 0 1 0 1]  1
  [0 1 0 1 0 1 0 0 1 0 1 0 1 1 1 1 1 0 1 0 0 1 1 0 1 1 1 0 1 1 0 0 0 1 0 0 0
 0 0 0 1 0 1 0 0 0 1 0 0 0 1 0 1 0 0 0 0 0 1 1 1 1 1 1 1 0 0 0 0 0 1 1 1 0
 1 1 1 1 1 1 1 0 0 0 1 0 0 1 0 1 0 0 1 1 1 0 1 0 0 0 1 0 1 1 0 1 1 0 1 0 0
 1 0 1 1 1 0 1 1 1 0 1 1 0 0 1 0 1 0 1 1 1 1 1 1 0 1 1 1 0 1 0 1 0 0 1 1 1
 1 1 0 1 0 0 0 0 1 0 0 1 1 0 0 1 1 0 1 0 1 0 0 0 0 1 1 0 0 1 0 0 0 0 1 0 0
 0 1 1 0 0 0 1 0 0 1 0 1 0 0 1 1 0 1 0 0 0 0 1 1 0 1 0 0 1 1 1 0 0 0 0 0 0
 1 1 0 0 1 1 1 0 1 0 0 0 0 1 1 1 0 1 0 0 0 1 0 1 0 0 1 0 1 1 0 0 0 0 0 1 1
 0 1 1 1 1 0 0 0 1 1 0 1 1 1 1 0 1 1 0 0 0 1 0 0 0 1 1 1 0 1 1 0 0 1 0 0 1
 1 1 1 0 1 1 1 0 1 1 0 0 1 1 1 1 1 0 0 0 0 1 0 1]  1
  [0 1 0 1 0 1 0 0 1 0 1 0 1 1 1 1 1 0 1 0 0 1 1 0 1 1 1 0 1 1 1 0 0 1 0 0 0
 0 0 0 1 0 1 0 0 0 1 0 0 0 1 0 1 0 0 0 0 0 1 1 1 1 1 1 1 0 0 0 0 0 1 1 1 0
 1 1 1 1 1 1 1 0 0 0 1 0 0 1 0 1 0 0 1 1 1 0 1 0 0 0 1 0 1 1 0 1 1 0 1 0 0
 1 0 1 1 1 0 1 1 1 0 1 1 0 0 1 0 1 0 1 1 1 1 1 1 1 1 1 1 0 1 0 1 0 0 1 1 1
 1 1 0 1 0 0 0 0 1 0 0 1 1 0 0 1 1 0 1 0 1 0 0 0 0 1 1 0 0 1 0 0 0 0 0 0 0
 0 1 1 0 0 0 1 0 0 1 0 1 0 0 1 1 0 1 0 0 0 0 1 1 0 1 0 0 1 1 1 0 0 0 0 1 0
 1 1 0 0 1 1 1 0 1 0 0 0 0 1 1 0 0 1 0 0 0 1 0 1 0 0 1 0 1 1 0 0 0 0 0 1 1
 0 1 1 1 1 0 0 0 1 1 0 1 1 1 1 0 1 1 0 0 0 1 0 0 0 1 1 1 0 1 1 0 0 1 0 0 1
 1 1 1 0 1 1 1 0 0 1 0 0 1 1 1 1 1 0 0 0 0 1 0 1]  1
  [0 1 0 1 0 1 0 0 1 0 1 0 1 1 1 1 1 0 1 0 0 1 1 0 1 1 1 0 1 1 0 0 0 1 0 0 0
 0 0 0 1 0 1 0 0 0 1 0 0 0 1 0 1 0 0 0 0 0 1 1 1 1 0 1 1 0 0 0 0 0 1 1 1 0
 1 1 1 1 1 1 1 0 0 0 1 0 0 1 0 1 0 0 1 1 1 0 1 0 0 0 1 0 1 1 0 1 1 0 1 0 0
 1 0 1 1 1 0 1 1 1 0 1 1 0 0 1 0 1 0 1 1 1 1 1 1 0 1 1 1 0 1 0 1 0 0 1 1 1
 1 1 0 1 0 0 0 0 1 0 0 1 1 0 0 1 1 0 1 0 1 0 0 0 0 1 1 0 0 1 0 0 0 0 0 0 0
 0 1 1 0 0 0 1 0 0 1 0 1 1 0 1 1 0 1 0 0 0 0 1 1 0 1 0 0 1 1 1 0 0 0 0 1 0
 1 1 0 0 1 1 1 0 1 0 0 0 0 1 1 1 0 1 0 0 0 1 0 1 0 0 1 0 1 1 0 0 0 0 0 1 1
 0 1 1 1 1 0 0 0 1 1 0 1 1 1 1 0 1 1 0 0 0 1 0 0 0 1 1 1 0 1 1 0 0 1 0 0 1
 1 1 1 0 1 1 1 0 1 1 0 0 1 1 1 1 1 0 0 0 0 1 1 1]  1
Best:
  [0 1 0 1 0 1 0 0 1 0 1 1 1 1 1 1 1 0 1 0 0 1 1 0 1 1 1 0 1 1 0 0 0 1 0 0 0
 0 0 0 1 0 1 0 1 0 1 0 0 0 1 0 1 0 0 0 0 0 1 1 1 1 1 1 1 0 0 0 0 1 1 1 1 0
 0 1 1 1 1 1 1 0 0 0 1 0 0 1 0 1 0 0 1 1 1 0 1 0 0 0 1 0 1 1 0 1 1 0 1 0 0
 1 0 1 1 1 0 1 1 1 0 1 1 0 0 1 0 1 0 1 1 1 1 1 1 0 1 1 1 0 0 0 1 0 0 1 1 1
 1 1 0 1 0 0 0 0 1 0 0 1 1 0 0 1 1 0 1 0 1 0 0 0 0 1 1 0 0 1 0 0 0 0 0 0 0
 0 1 1 0 0 1 1 0 0 1 0 1 0 0 1 1 1 1 0 0 0 0 0 1 0 1 0 0 0 1 1 0 0 0 1 1 0
 1 1 0 0 1 1 1 0 1 0 0 0 0 1 1 1 0 0 0 0 0 1 0 1 0 0 1 0 1 1 0 0 0 0 0 1 1
 0 1 1 1 1 0 0 0 1 1 0 1 1 1 1 0 1 1 0 0 0 1 0 0 0 0 1 1 0 1 1 0 0 1 0 0 1
 1 1 1 0 1 1 1 0 1 1 0 0 1 1 1 1 1 0 0 0 0 1 0 1] at locn 0, fitness: 1

